540
2769
5382
41
1209
346
1473
2093
647
867
244
402
270
483
694
327
496
150
7693
194
368
904
324
1044
196
207
176
205
443
614
98
200
14451
446
1289
339
397
16284
214
481
19892
10879
593
324
175
247
5064
287
6823
137
290
1349
540
551
738
1045
598
65
333
588
638
169
292
22189
427
492
312
5212
1088
100
274
531
227
611
717
1682
545
162
24
393
243
275
2002
80
391
454
377
640
220
110
19637
1201
4402
170
2251
526
380
246
104
262
128
350
5672
2089
190
705
416
5783
369
74
321
9420
80
338
116294
476
403
489
284
64
303
73602
341
598
9671
494
974
672
14056
93
100204
260
583
661
562
3924
190
617
501
515
653
4261
789
455
229
2698
818
513
2754
4832
227
569
4174
491
416
404
371
202
732
68
809
396
717
462
396
377
479
1187
579
268
201
1257
449
245
487
365
368
185
367
642
606
37
565
340
211
374
10413
51275
392
421
87
23688
320
490
397
166
467
87692
625
441
518
585
308
485
3515
617
722
484
7840
3256
2402
3748
603
296
472
104
332
473
772
514
286
1129
693
367
219
333
1053
1011
405
234
3026
62761
594
323
8115
2628
4746
228
4108
1263
3414
192
528
599
194
328
351
2556
550
260
646
551
1187
1135
1427
411
9663
235
736
670
352
650
366
507
340
254
15059
177
523
33932
336
568
249
209
230
14202
223
265
125
469
211
430
216
119
670
865
390
361
502
144
191
337
94
278
286
544
266
479
430
515
12783
1515
196
320
665
271
545
226
379
391
1532
170
12704
555
393
223
166
153
250
811
437
142
7225
139
4206
522
258
338
403
247
692
214
409
217
6154
5277
18471
207
500
528
175
394
472
176
428
84
203
548
420
36126
363
624
398
1047
622
447
458
500
330
483
557
457
2355
778
90
127
308
58166
311
199
156
391
186
509
673
12708
622
2818
355
305
251
2538
449
258
209
361
215
579
280
411
416
506
49974
552
101811
92
349
554
321
568
329
4520
2577
208
219
425
682
139764
747
296
268
592
502
229
121
103
469
447
411
644
307
409
701
407
5267
483
607
426
471
12271
136
187
1640
22546
2083
4961
17401
601
11912
649
15010
424
615
733
310
2113
15491
498
416
201
1905
164
1872
28426
890
513
1871
120
483
504
306
671
17966
130
338
774
501
326
309
352
398
418
182
385
456
748
890
320
406
445
134
387
6750
101
648
386
645
438
439
1098
757
12711
217
218
5145
264700
605
5722
224
215
448
559
277
6061
1699
626
67
1071
5701
4016
541
222
270
164
162
95
381
152
527
106
409
217
377
424
5262
224
1945
2233
409
1989
431
411
352
674
503
431
1656
335
150
67
207
354
362
1290
374
235
566
402
817
586
459
1053
651
3152
351
2939
432
346
338
399
379
157
268
454
5237
383
695
14208
603
351
930
8221
469
372
210
8887
687
431
1044
364
544
375
56903
28
792
562
438
312
10895
337
8489
742
157
270
151
252
504
1243
2453
525
290
298
117
481
89
1048
428
280
23783
338
180
215
395
354
245
378
459
492
3902
35388
394
456
362
96
386
488
1321
92
4083
732
53
489
242
1079
267
103
687
266
296
14051
7280
312
7377
633
976
13973
167
226
504
685
315
329
518
408
769
26655
51545
604
847
1112
281
804
605
8483
489
1939
287
106
80
97
57
120
48
111
405
254
816
417
197
290
593
103
345
327
384
5793
95
277
742
277
215
243
248
366
458
270
615
139
489
284
178
279
579
409
101
3929
549
885
211
1100
303
228
480
458714
1724
322
481
19602
627
309
316
422
351
833
4542
324
11364
471
492
494
361
596
718
85
569
266
1075
484
1964
190
298
111
219
415
184
434
648
1317
276
390
175
2862
156
374
88
337
614
434
559
713
551
334
581
532
569
1898
103
374
318
146
379
155
850
625
474
195
716
618
33244
415
323
630
295
228
96
505
118
1154
19
425
155
701
650
390
373
185
244
1295
21063
468
1477
329
1022
926
115
655
250
398
264
727
328
5325
414
351
256
193
228
278
444
282
738
960
1198
333
74
150
562
355
314
459
522
457
299
333
363
464
301
239
316
308
326
675
292
639
640
209
25851
61
1217
110
991
140
254
541
28462
12112
136
370
571
309
21185
113043
1704
289
2681
350
54
1129
596
106
15754
321
1315
655
126
292
468
538
469
204
604
547
402
518
245
1103
220
266
1080
579
4578
307
1478
383
174
466
491
685
777
34
264
197
2759
46
2612
562
326
300
283
570
527
333
544
537
313
497
534
174
877
230
109
363
472
423
609
405
5001
1096
320
381
31
377
461
834
98
478
25237
246
1686
1717
458
771
104
86
463
282
163
394
375
1932
452
459
4893
28802
682
10289
503
333
12319
553
7393
5567
642
5009
346
267
974
256
489
192
726
604
3531
681
576
97
454
211
901
1245
308
209
2853
281
22142
4377
297
241
113
133437
504
254
188
152
386
293
1203
628
251
132
130
4881
3168
1477
157
224
561
485
536
476
439
226
14469
554
544
340
414
2060
11962
291
753
918
136
340
139
205
468
222
3447
298
237
8290
190
1489
1053
3556
22713
3249
31349
22902
30846
9716
20276
2703
25775
12591
388
206
5889
11257
4732
329
3598
197
238
37984
1667
433
139546
1195
468
413
623
318
23024
360
187
366
614
635
86
80
247
76404
363
482
184
6230
360
523
5837
500
348
905
387
706
295
36235
90342
305
529
542
27275
582
4355
357
385
347
283
344
281
46223
575
674
545
220
305
150
625
466
2258
3187
340
396
471
265
361
733
302
522
332
322
497
572
227
849
337
602
206
169
543
293
277
386
340
15242
339
346
465
12910
203
277
255
476
318
317
214
375
79
216
1177
1769
413
454
351
239
3888
129
488
369
340
1354
247
358
3313
179
662
991
346
431
20
4162
812
455
223
15703
490
255
332
524
532
211
165
1127
223
326
196
193
273
452
268
265796
279
227
7792
666
247
5766
269
180
148
520
292
167
462
386
473
855
458
343
944
414
1675
72
243
494