
0
0
0
0
0
0
1
1
0
0
4
0
0
0
3
1
2
1
23
0
1
0
1
2
1
0
0
0
0
5
0
1
0
0
0
1
2
37
0
0
107
30
0
1
1
1
18
0
27
1
1
6
3
3
0
0
0
0
0
2
5
0
1
89
3
0
0
5
0
0
4
0
2
2
0
0
1
1
0
0
1
1
9
0
3
2
2
2
1
0
3
3
23
1
2
9
0
2
0
0
0
1
0
1
0
5
0
13
1
0
3
54
0
0
350
3
2
0
1
1
1
319
1
2
0
3
1
5
72
2
379
0
4
1
5
0
0
5
2
2
3
1
0
0
0
0
2
0
21
0
2
1
16
2
2
0
0
1
2
0
0
1
0
1
0
2
4
8
0
1
0
8
0
0
3
2
0
0
5
8
2
0
0
0
0
0
17
52
3
3
0
5
0
0
1
0
0
31
0
0
1
3
0
0
14
0
4
1
21
1
1
2
0
0
2
0
1
0
0
0
2
1
0
1
0
5
10
1
0
0
9
267
1
1
1
9
0
0
1
0
0
0
2
1
0
3
1
4
0
1
0
3
7
4
6
1
16
2
0
2
2
2
3
4
0
0
35
0
1
111
0
1
2
0
1
74
0
0
2
3
1
3
2
0
0
9
0
3
4
0
0
0
0
0
0
0
1
1
0
1
70
9
1
0
0
5
0
1
1
1
0
0
64
1
3
1
0
1
2
2
1
2
5
1
0
5
6
0
0
0
0
2
2
0
0
0
69
0
2
0
0
0
1
1
0
0
2
2
2
115
1
0
1
0
2
1
0
1
1
2
0
4
6
7
0
0
2
172
0
0
0
2
0
8
0
25
1
1
0
2
0
1
0
0
0
0
0
4
0
0
2
3
253
3
463
0
0
2
0
1
1
1
4
1
0
0
3
405
1
2
4
0
0
0
0
1
2
1
0
0
0
1
5
0
14
1
0
5
4
63
1
1
1
40
0
0
2
0
0
1
58
1
2
5
2
0
1
0
4
0
0
0
6
136
0
2
1
0
2
2
0
4
89
0
1
2
0
0
0
1
2
1
0
0
5
2
3
0
0
0
0
3
2
0
3
1
0
1
2
3
0
53
1
0
11
389
9
0
0
0
0
2
3
1
0
3
0
0
19
0
1
4
2
0
3
0
0
0
1
0
0
2
1
5
2
0
0
0
1
4
2
0
1
3
1
1
0
1
0
1
1
0
3
7
1
1
3
1
4
0
2
1
1
9
1
1
1
0
0
2
3
0
1
3
2
1
1
76
8
0
7
3
0
1
0
1
0
0
0
0
1
0
177
0
2
0
0
0
0
2
0
3
0
2
0
0
2
0
10
1
2
1
0
2
0
1
0
0
85
1
0
0
2
2
0
0
3
2
13
90
0
3
1
0
0
1
3
0
0
9
0
1
1
0
1
0
1
2
9
29
0
0
7
3
4
39
0
0
4
2
0
2
1
1
0
4
174
0
2
0
4
0
2
37
3
0
1
0
0
0
0
0
0
0
1
0
6
1
1
2
0
1
0
1
0
17
0
0
0
2
0
1
0
0
2
2
2
0
0
7
0
1
3
2
0
3
1
1
0
2
1
0
4
1750
1
2
2
38
5
0
1
2
0
1
0
0
39
0
0
1
0
3
9
0
1
0
0
0
4
2
1
2
0
0
0
4
2
1
0
0
0
0
2
0
1
0
1
0
2
0
0
3
1
0
3
12
0
0
1
1
3
3
0
2
2
0
0
0
107
0
2
0
0
2
0
0
0
1
0
0
2
2
3
2
4
0
1
1
48
2
5
0
3
4
1
2
2
3
0
1
1
1
1
2
0
0
0
0
2
0
0
4
0
2
1
6
2
3
0
0
0
1
2
3
2
1
3
0
4
0
0
2
2
4
0
2
112
0
10
0
1
0
0
1
4
56
1
1
5
2
25
390
0
0
3
1
0
0
0
0
2
0
1
4
1
0
1
0
1
2
1
1
0
6
0
5
0
0
0
2
10
2
3
1
0
3
2
2
1
0
0
0
0
1
0
2
0
2
0
4
0
0
0
1
0
0
0
0
2
0
0
1
1
0
2
3
1
0
2
2
0
0
3
1
0
1
46
0
3
1
0
3
0
0
0
0
2
3
0
1
1
0
3
89
2
1
0
1
33
3
1
1
0
18
0
0
0
4
2
3
4
5
0
13
1
0
1
0
1
0
2
2
0
2
75
27
0
0
1
538
2
0
1
4
0
0
2
0
0
0
1
20
28
3
0
0
2
1
0
0
0
1
9
4
1
0
0
5
31
1
3
2
1
0
0
0
0
1
9
0
0
3
1
2
1
12
114
1
100
109
129
40
80
1
129
34
1
1
35
29
8
0
2
1
0
160
3
0
625
1
2
4
0
0
6
1
0
2
0
0
0
1
0
318
0
2
0
2
4
1
0
0
0
0
2
2
1
112
365
2
0
1
54
1
17
0
3
1
1
2
2
127
2
2
3
2
0
0
2
0
1
0
2
2
1
6
2
0
2
1
1
2
2
5
1
2
1
1
0
0
3
0
1
2
0
62
1
0
5
46
0
0
0
0
0
3
0
1
1
1
0
0
1
3
0
0
17
0
0
2
1
1
3
3
2
1
0
4
0
0
0
21
1
4
1
13
4
0
0
2
0
0
1
6
3
2
0
3
0
5
0
716
1
0
18
1
9
0
2
0
0
0
1
0
5
5
0
2
4
0
0
0
2
0
0
1


