
0
13
6
0
0
0
1
17
0
2
5
17
42
31
28
86
65
3
416
31
42
482
206
725
33
109
30
11
95
19
7
23
16
0
0
59
12
2585
53
15
2179
1288
105
12
8
10
639
9
733
4
55
121
174
68
126
195
0
11
2
23
23
6
27
2465
31
429
115
5
0
0
13
201
7
9
622
802
12
71
4
10
31
27
305
1
65
119
67
91
5
9
2207
644
493
45
1177
44
52
45
31
22
0
134
12
0
16
15
11
2779
59
17
16
1771
3
58
10459
20
30
41
42
10
32
9762
48
101
8
26
321
27
1706
11
15703
65
26
8
54
2
1
32
11
91
25
3
0
96
9
2246
75
9
519
13
6
195
723
136
10
15
6
42
35
0
67
7
328
2
26
16
17
95
16
59
1
27
20
82
60
4
50
2
69
60
120
27
15
4
155
150
1679
7538
19
86
5
1844
25
82
23
8
37
3883
534
178
25
64
286
10
518
8
302
27
317
3
5
0
19
25
102
12
52
239
632
29
46
516
218
3
33
4
175
503
33
9
191
6783
435
17
7
5
2
0
7
4
1
28
71
28
7
13
0
857
48
39
91
95
166
24
38
12
1840
6
3
21
30
95
30
101
15
8
3607
4
84
1345
13
7
3
25
39
2091
9
42
15
7
4
37
11
6
14
209
16
7
33
8
101
3
15
2
9
239
19
13
11
7
1631
147
9
3
2
20
37
5
203
32
491
2
859
10
10
45
4
11
4
47
6
7
11
8
6
16
5
4
7
34
520
7
14
1
3
1
2913
25
4
94
0
6
12
14
0
3
2
18
12
1718
53
0
1
258
6
254
9
13
8
3
16
7
151
152
3
1
3
3232
0
47
15
79
21
26
106
747
102
0
103
48
44
1
114
1
23
50
190
49
236
10
45
120
5194
26
10380
8
22
76
0
3
10
4
2
16
38
43
374
8792
8
5
34
0
153
15
73
34
17
15
20
475
181
30
146
18
645
1
5
30
29
2749
31
1
730
2893
2
2
12
2
15
202
2030
124
31
51
27
1793
3
1
194
115
2
17
259
3729
14
70
1092
2
29
12
35
116
1712
4
34
14
4
161
81
2
12
6
122
79
41
157
86
24
14
4
11
58
5
33
21
13
555
102
2
693
24
1219
5
28
908
37635
114
6
4
34
106
70
68
1
0
16
23
921
286
1302
25
15
17
0
11
3
13
52
2
13
7
15
24
15
2
37
17
2
17
514
30
37
19
29
24
38
0
28
32
4
4
8
8
57
17
6
41
12
9
261
30
22
36
149
85
1654
97
36
3
76
65
29
12
32
8
7
13
1475
29
111
2
9
6
198
6
9
11
7
35
6
18
6
3863
3
36
29
125
186
4
23
8
44
15
12
8
87
31
31
205
410
14
57
102
15
37
29
343
237
1874
18
16
185
28
133
17
5
18
1
409
5484
51
25
15
0
21
14
77
12
6
90
5
58
133
837
7
41
130
85
49
1587
7
0
16
39
181
1772
74
147
6
8
2
45
34
49
16
514
5360
27
39
0
13
445
14
822
3
8
149
8
16
7
4
14
9
6
31
56
60
51
3
56
1
5
181
119
14
972
17
0
13
7
45
42
8
96
5
43
109
3
0
20
8
12
53
75
5
1
6
264
9
16
14
205
63
70887
1
12
12
5096
240
41
13
3
301
541
5
105
1309
5
39
21
286
30
119
6
23
93
776
191
535
23
0
19
29
9
117
26
24
731
11
17
3
3
60
150
80
36
28
79
26
3
35
4
6
14
101
93
1
42
27
6
16
2
0
104
7
167
127
11
3760
178
58
448
291
18
11
8
8
580
3
42
26
90
20
27
89
0
51
881
1601
180
44
38
499
39
14
222
8
81
146
348
84
2
7
3
2
35
77
228
26
1
1
167
597
144
6
11
83
11
9
11
185
6
35
37
0
30
22
5
23
117
65
21
18
16
97
10
1929
4
258
15
23
0
154
5
26
903
22
7
49
17
3334
12871
50
3
112
23
0
2
479
12
6
0
0
22
1
150
142
0
29
20
24
2
101
9
49
48
10
43
0
27
430
33
1020
41
0
39
101
88
103
0
216
14
5
1
5
14
0
14
4
22
34
6
4
6
81
91
6
12
13
16
0
13
10
7
186
9
3
1
6
100
0
2
12
86
7
12
2547
56
1270
981
123
141
2
69
65
4
12
12
4
390
102
290
14
3543
12
5
2
0
925
41
11
2
17
397
246
5
761
63
73
38
135
71
7
195
107
0
17
178
718
3
35
33
0
41
1862
319
9
43
19
18368
77
10
3
7
5
43
450
20
9
6
11
605
237
45
10
52
20
19
104
0
185
32
3102
101
3
0
63
1497
877
19
223
25
6
0
1
4
7
7
158
34
27
16
21
74
0
767
1285
2191
3809
1877
4179
397
1832
214
2176
3179
263
3
1121
1539
2576
242
2
0
0
5627
186
212
13561
1028
8
13
23
15
23
79
40
5
0
2
8
29
40
9983
310
2
31
7
137
28
255
14
20
20
38
3
23
4593
6440
11
8
8
1002
20
319
222
18
37
7
78
4
4566
19
10
33
83
31
136
36
343
3
0
123
146
51
4
45
10
4
187
26
29
40
39
12
129
43
10
37
22
28
42
6
11
244
3742
24
120
3
1032
34
245
112
39
10
29
31
38
1
62
1
1451
9
14
73
45
606
105
8
217
10
33
40
5
1
12
476
120
9
3
0
1221
4
96
34
13
121
24
21
18
4
49
46
230
30
61
3
23
178
19
37
11968
11
5
535
38
17
2
59
136
19
20
77
28
46
30
113
12
57
58
44
138
749
0
0
130


