1
14
34
0
5
2
10
0
0
1
32
36
0
38
68
2
37
29
540
5
12
4
0
0
3
1
1
26
10
67
10
15
51
1
1
0
42
116
1
77
331
133
23
43
29
53
175
45
250
9
0
41
2
17
7
0
2
1
73
131
69
30
16
409
17
0
0
3
4
0
38
0
36
102
0
12
62
1
3
93
30
24
54
8
2
4
13
10
34
22
9
2
126
2
6
23
35
5
1
17
1
0
61
3
27
223
66
40
24
0
45
68
5
6
1049
83
71
72
3
1
20
880
11
21
20
26
5
51
303
13
1885
7
54
232
30
23
6
29
61
3
49
55
1
2
37
3
50
65
25
288
43
7
88
1
41
60
77
10
173
10
99
59
3
77
1
47
34
64
63
3
15
124
49
3
17
46
18
28
9
23
12
0
61
65
0
9
61
221
49
5
9
8
30
0
25
14
34
138
0
10
54
39
0
50
31
32
2
31
768
8
16
6
48
24
19
3
17
0
0
91
8
1
1
43
8
43
11
0
8
20
197
1172
0
31
23
62
21
1
28
41
2
8
26
34
26
76
90
15
49
0
18
25
22
123
266
77
71
29
279
167
36
46
50
16
19
37
414
18
5
3556
27
137
53
3
6
542
41
4
2
60
39
34
31
11
58
12
63
83
35
19
6
39
5
66
52
9
12
45
58
49
248
66
11
67
86
26
19
32
0
14
2
18
628
69
49
2
29
10
71
81
68
9
190
9
4
47
40
102
81
1
2
16
83
2
10
6
179
7
88
0
1
50
90
13
0
27
30
94
31
2466
10
0
1
16
144
3
97
53
37
77
68
73
166
27
12
30
44
3351
53
4
6
1
0
46
6
741
3
3
0
1
3
23
1
2
17
10
0
43
0
77
8
6
1278
57
2890
19
88
8
2
57
70
21
67
26
2
38
6
6654
149
41
2
5
8
33
0
5
47
77
62
0
0
49
16
37
26
52
146
38
31
279
1
34
10
153
17
17
69
16
63
9
191
4
68
48
44
5
39
2
8
0
91
16
29
650
246
8
1
1
41
61
16
6
626
29
20
110
85
3
1
99
53
146
0
1
30
8
63
0
38
90
11
4
94
2
125
66
0
14
59
2
91
435
53
1
62
6576
18
68
23
11
2
9
8
3
3
131
4
0
484
3
45
31
24
0
51
12
75
0
2
15
68
24
20
80
9
6
91
8
27
50
44
4
21
80
74
42
3
33
1
2
33
57
40
92
81
28
32
75
121
9
34
159
56
281
1
2
4
8
44
16
8
3
30
20
23
47
122
429
70
0
79
21
46
2
30
11
75
58
12
50
57
77
3734
0
73
93
7
1
23
17
22
105
3
57
11
4
42
75
177
0
35
4
0
39
6
110
0
0
543
15
45
0
27
10
17
53
48
66
200
335
15
77
41
21
19
71
118
1
7
37
3
32
0
0
47
4
19
4
8
740
8
6
199
32
12
181
0
2
75
107
33
7
24
14
135
4
2776
67
73
10
36
6
45
462
79
2
0
7
5
5
2
9
1
7
70
1
70
53
28
2
2
15
3
3
32
255
3
2
74
22
3
2
70
1
54
4
21
44
6
56
29
28
49
19
1
8
81
2
19
291
65
0
18
23488
17
58
95
153
3
23
60
94
0
1
22
0
114
94
41
68
1
58
9
7
62
2
5
7
135
27
64
7
7
53
4
41
33
4
52
26
51
3
1
3
0
20
41
24
101
168
31
103
113
46
9
136
19
0
17
17
77
33
9
18
63
0
7
96
675
2
3
0
0
38
7
43
30
4
1
16
8
17
52
37
3
15
1
2
334
3
117
15
4
54
3
7
50
12
1
2
2
7
68
26
40
1
8
1
47
64
5
14
4
3
6
13
38
71
82
62
9
54
19
12
51
20
17
29
44
5
16
72
40
66
35
13
1590
3
14
3
269
0
0
181
148
326
40
82
30
17
56
2020
208
57
145
28
1
4
0
5
31
1
5
70
13
0
16
1
51
10
65
37
3
87
4
64
15
1
5
40
249
31
4
1
0
22
1
7
11
0
0
17
40
6
13
62
4
88
61
66
34
42
130
78
7
5
116
22
99
19
0
73
100
54
18
81
5
7
45
13
0
5
71
44
4
108
232
3
5
4
1
16
14
0
30
44
1
36
71
1
6
0
138
444
79
18
24
35
240
43
21
8
48
232
0
36
2
4
10
0
17
18
26
1
5
49
85
1
1
15
6
4
111
4
1607
218
36
4
6
3343
9
46
23
36
126
4
17
73
20
11
25
263
174
132
8
6
46
47
10
0
5
14
75
17
162
2
14
3
765
22
6
93
32
2
0
0
61
61
147
23
10
10
14
148
2
63
1519
9
496
669
288
1230
345
4
669
78
0
35
76
159
17
0
98
1
0
1039
119
1
3992
4
69
107
69
60
122
1
1
67
1
38
4
1
1
3144
0
40
10
28
0
36
15
74
30
92
32
96
22
495
5961
60
119
98
1971
148
270
2
64
33
46
5
70
2326
76
41
61
1
25
0
52
0
53
7
3
13
15
50
5
73
39
9
25
26
37
68
20
7
19
75
1
10
50
0
24
36
0
169
30
1
81
653
3
0
1
42
31
15
0
11
13
0
1
0
54
65
0
7
65
0
70
7
31
173
8
63
27
14
5
38
57
82
1
56
237
13
2
316
8
44
45
69
76
0
5
19
11
6
35
11
0
30
0
24603
51
28
416
43
34
11
0
0
3
49
3
11
14
21
0
120
18
16
1
3
25
0
1
5