
0
2
355
0
0
0
2
2
0
19
5
3
0
1
17
2
13
4
142
1
2
0
3
0
49
4
0
10
2
14
1
4
4
0
1
20
6
608
0
12
279
812
7
1
4
1
115
7
191
5
0
52
0
4
1
1
0
0
8
19
16
3
6
1009
18
2
3
2
0
0
10
0
3
11
2
14
6
1
2
4
5
5
15
4
0
2
2
4
4
1
7
11
138
0
13
4
5
9
2
6
0
0
11
1
7
19
4
65
4
0
7
1326
2
3
12092
12
11
12
4
3
12
7785
6
9
0
21
9
18
411
2
7974
1
17
4
9
0
49
11
14
0
14
1
1
1
4
3
18
4
65
414
3
7
78
1
10
7
16
6
11
0
18
6
7
3
0
2
12
29
15
1
2
20
4
0
8
7
9
3
5
12
6
0
10
3
0
1
131
890
14
5
4
8
12
2
3
3
9
305
0
4
5
29
0
7
616
10
1
11
215
0
3
1
11
4
4
1
5
1
1
15
4
0
2
3
1
2
49
1
12
6
78
6981
2
9
3
832
0
1
3
1
0
0
4
20
7
6
6
42
0
0
36
10
27
20
17
12
92
1
6
8
8
12
5
6
5
4
282
3
3
1128
14
9
3
1
1
314
3
0
6
15
1
6
7
3
29
3
7
15
13
15
3
2
0
7
9
1
4
1
10
11
364
41
4
4
3
6
8
7
1
6
0
4
356
7
9
2
4
7
5
18
11
2
1141
1
2
4
5
7
6
0
1
4
2
0
1
1
900
3
1
1
0
9
6
7
0
1
3
2
12
1052
6
0
1
7
11
1
8
10
0
2
7
5
74
30
3
0
3
2008
5
2
0
0
4
10
5
330
2
1
0
0
3
0
0
1
2
13
1
8
0
6
6
2
3320
11
4755
4
4
14
0
17
8
1
379
4
0
6
41
11364
7
6
1
0
5
6
0
0
10
7
8
0
3
5
3
7
145
4
16
11
4
677
16
6
13
862
1
1
0
0
0
1
721
3
14
36
5
2
2
0
7
2
621
3
11
821
23
3
1
23
13
6
7
2
452
3
0
26
8
3
2
10
4
5
1
2
6
4
8
0
5
5
0
1
3
0
13
10
0
1
3
0
17
1094
5
0
273
4962
8
897
1
1
0
5
3
0
0
8
0
5
187
3
7
3
6
0
3
2
4
0
0
0
8
4
8
8
1
3
326
6
8
31
4
6
7
17
7
8
0
5
0
10
1
7
11
22
13
5
13
5
13
2
7
15
6
117
2
11
1
6
1
10
10
7
0
10
20
4
8
469
9
1
17
3
10
1
3
1
13
9
0
3
13
8
2141
0
16
13
4
0
2
7
0
15
1
7
3
0
13
46
69
1
4
0
0
9
1
37
0
0
3379
8
1
0
7
0
3
7
11
5
118
2049
6
9
5
4
3
7
33
0
0
12
6
12
0
1
4
2
7
1
4
336
1
35
982
6
13
1859
0
7
8
16
8
7
15
4
13
3
1722
7
14
0
3
2
12
170
11
2
0
3
1
1
1
4
0
0
9
3
24
10
5
1
0
5
0
0
9
112
9
0
23
6
0
0
4
1
16
5
13
4
1
5
4
9
11
3
12
1
2
2
4
14
4
0
6
26156
0
16
7
772
28
0
6
10
1
0
9
0
1424
9
11
7
2
6
9
1
11
0
1
1
137
6
4
5
3
8
0
13
31
3
23
9
11
19
2
2
0
15
34
6
14
14
14
8
15
18
4
63
1
4
10
1
5
3
0
9
10
0
7
20
3176
0
5
5
0
8
1
18
2
1
0
5
4
14
15
2
2
0
2
5
3179
6
41
0
61
21
3
4
2
3
0
6
1
1
5
1
4
0
2
0
5
3
0
30
3
1
3
4
5
9
6
5
2
8
4
4
3
4
4
6
10
4
6
8
10
8
10
4
703
8
70
1
22
0
1
12
14
1511
1
9
3
1
609
7505
22
6
100
3
0
3
0
5
6
0
0
18
0
1
5
0
8
7
20
40
1
12
1
38
4
0
0
4
110
5
6
1
0
7
1
6
5
0
0
1
7
0
1
13
133
7
4
15
9
8
8
5
2
6
25
5
20
12
0
7
10
4
10
11
11
0
3
3
2
0
6
19
2
3
1869
0
13
11
0
31
3
0
6
4
3
4
12
1
0
1
857
2239
11
4
0
4
1866
6
1
0
15
150
0
1
2
1
7
0
10
19
4
1
0
5
3
1
2
4
3
5
1070
0
651
79
9
2
1
8037
4
3
7
1
5
3
17
10
0
4
2
189
86
21
0
1
19
11
4
0
3
7
586
7
10
0
4
9
347
3
8
23
0
0
0
0
7
10
107
1
10
1
9
73
0
438
712
73
1689
1605
2383
240
2958
0
1987
168
0
3
132
740
138
1
227
0
0
1015
27
1
8777
1
6
23
7
4
8
1
0
4
0
4
1
0
0
3989
0
88
9
10
3
8
15
8
2
21
3
18
4
1106
3450
6
9
15
734
15
120
0
2
8
9
1
7
1221
24
15
6
1
5
0
8
6
6
0
3
4
6
6
7
23
9
3
1
5
9
6
4
1
1
12
0
5
12
0
2
4
1
792
6
0
10
292
1
0
0
23
7
8
3
5
4
3
3
2
12
6
0
2
265
0
8
4
8
17
31
4
1
5
1
9
0
8
1
94
10
5
2
1291
12
2
8
10
12
0
1
16
0
1
5
4
0
6
0
8806
5
7
186
12
9
0
1
3
0
11
3
1
11
3
1
20
2
4
0
1
28
0
0
0


