
5
8
401
0
0
1
12
2
3
8
25
77
1
100
116
33
60
12
1178
23
48
19
17
7
19
18
5
20
35
92
19
35
8
2
1
18
72
530
0
123
1535
630
103
68
53
41
848
49
746
31
12
188
18
147
26
9
1
17
40
115
71
34
52
2259
91
1
10
5
1
0
32
8
37
74
1
124
84
10
8
54
53
87
164
11
28
12
48
104
33
14
29
57
621
8
81
94
30
33
24
31
0
1
6
1
31
84
74
397
79
12
75
566
7
47
7678
85
90
117
50
9
51
5323
41
35
144
67
59
160
1830
12
7506
48
89
83
89
2
71
139
70
32
126
19
0
35
44
18
180
77
315
472
32
77
466
3
60
86
45
28
130
19
127
49
34
70
0
87
108
219
90
17
30
228
81
15
102
36
47
23
39
125
60
0
99
33
0
27
336
1302
54
17
10
26
77
11
96
25
73
413
6
59
80
68
1
107
207
101
27
119
1117
29
40
18
94
53
46
19
21
6
4
100
30
2
17
39
41
27
106
12
59
27
517
5171
0
47
7
582
11
7
4
32
9
10
75
111
23
71
56
84
106
9
91
120
180
148
232
73
404
47
79
74
68
89
58
51
30
47
1806
32
90
5053
70
106
42
3
13
1800
24
12
9
64
25
65
30
12
111
109
51
61
90
10
13
49
12
55
44
46
70
77
77
79
1543
186
46
59
122
57
106
46
9
85
15
29
1936
63
92
3
15
19
38
143
72
26
3965
46
16
111
52
54
72
12
3
54
80
0
8
13
836
26
40
7
0
51
70
33
2
6
25
92
60
5424
41
0
1
199
56
27
65
93
48
74
105
52
406
78
10
12
13
8176
17
22
31
3
20
79
50
1744
30
3
13
18
9
211
3
17
33
45
1
80
0
63
60
28
4646
85
11844
23
42
51
3
80
58
0
1379
27
8
83
21
14168
113
32
21
1
54
52
2
12
78
84
71
18
7
60
127
121
205
56
102
50
81
777
9
8
77
1205
61
16
12
0
50
51
1332
68
118
123
50
16
42
6
42
3
492
21
99
3101
126
31
37
32
67
96
73
51
2599
19
79
81
46
27
1
50
69
36
2
9
67
61
194
0
58
61
25
32
21
8
100
60
0
38
55
19
102
1466
29
26
382
13905
61
1294
39
24
9
55
35
8
2
98
5
6
884
10
108
43
66
1
16
11
18
2
2
29
64
51
64
85
224
11
774
179
79
320
75
133
68
140
109
59
0
65
6
15
32
116
54
273
55
36
130
68
140
77
85
172
153
524
21
3
47
75
47
31
50
16
59
94
57
69
153
1945
135
13
206
34
67
19
32
5
77
65
0
78
89
67
7264
5
169
114
44
16
39
61
54
133
16
54
33
7
90
191
500
3
59
37
2
67
9
156
4
4
2049
57
41
1
71
58
41
66
55
104
784
1306
23
85
55
2
68
91
229
12
7
102
8
93
15
11
41
5
76
20
43
1697
15
40
662
128
53
731
11
9
73
127
35
44
99
55
85
6
8374
135
135
0
40
45
109
1453
67
2
11
29
11
20
11
32
13
33
52
22
242
39
27
17
0
12
28
12
67
1012
11
1
143
44
18
5
38
16
64
30
64
26
4
55
53
52
102
46
11
0
80
22
57
132
51
1
67
48847
32
41
86
1210
33
80
35
74
0
15
10
2
577
63
75
127
5
99
85
13
111
15
12
82
101
22
18
8
21
95
10
101
96
44
43
65
27
12
22
42
0
69
114
36
101
88
87
50
73
88
39
266
13
5
68
33
47
16
3
136
81
0
61
96
3242
18
41
7
0
37
20
100
13
60
0
67
13
92
131
92
26
0
4
37
857
21
278
43
44
178
14
86
54
46
0
62
14
34
87
30
36
28
38
2
82
32
4
133
34
12
6
35
93
64
43
106
42
50
76
82
49
109
59
30
90
44
46
118
34
122
165
37
4191
18
110
22
129
0
5
68
78
1346
22
52
131
87
366
9552
121
31
387
82
0
13
6
24
16
0
11
94
6
19
92
3
85
27
95
133
42
70
6
222
39
2
4
102
807
64
16
9
0
86
36
84
69
0
2
72
97
13
48
93
57
43
38
79
83
34
64
67
63
54
64
19
157
39
2
64
102
111
53
66
7
3
46
79
1
1
41
116
24
92
1002
37
8
49
2
80
13
0
64
57
21
66
56
1
38
5
1573
2018
96
8
9
0
558
127
57
3
106
695
3
70
14
23
30
12
44
67
29
15
37
1
64
2
8
54
26
45
417
9
2464
732
66
21
11
14176
83
54
23
9
61
29
94
102
87
20
11
720
483
260
30
26
113
103
57
1
44
17
366
98
68
0
132
15
1594
58
36
166
18
0
0
0
68
16
545
41
54
55
23
204
0
245
3482
27
2762
2910
1983
1193
1565
11
3456
664
6
30
442
825
133
4
183
1
1
5321
227
30
19255
1
60
63
98
49
225
9
4
43
2
31
18
6
4
8072
2
113
37
8
24
86
35
108
68
123
72
89
60
1792
12910
52
87
64
3619
95
757
8
92
51
39
62
30
6402
85
95
120
38
53
0
119
5
26
3
56
48
109
40
33
91
44
66
55
60
86
114
40
55
38
102
11
43
104
9
66
76
6
860
40
6
79
2425
15
2
3
70
58
38
20
62
8
12
0
7
49
66
3
43
292
2
83
16
49
255
31
68
6
36
10
150
45
42
0
400
116
45
15
304
50
67
93
67
59
8
26
127
36
35
15
36
3
97
5
29291
48
42
1195
154
39
3
29
4
17
97
24
27
106
65
13
124
81
30
2
44
94
0
0
46


