
0
58
82
0
6
0
5
4
0
1
24
46
0
26
68
1
21
38
410
0
10
3
2
0
10
1
0
35
3
56
2
3
138
12
4
1
31
61
0
31
209
70
8
26
10
24
76
14
105
7
0
19
1
4
2
0
2
0
38
44
151
14
9
274
19
0
0
42
2
0
23
0
19
102
0
4
46
1
1
21
15
10
25
11
1
2
12
4
24
4
4
4
41
2
0
7
51
8
0
7
0
0
166
5
12
52
29
16
9
1
33
43
10
6
542
29
20
27
1
0
19
446
5
23
119
20
0
46
142
15
961
2
32
109
16
23
4
28
36
1
30
41
4
0
26
1
26
89
13
2976
19
3
44
0
37
30
52
4
39
7
88
111
0
60
0
20
33
34
49
2
34
97
32
0
22
98
28
20
3
10
7
0
77
69
0
1
30
85
20
1
6
2
16
0
24
8
40
99
0
0
35
14
0
48
16
52
1
22
633
148
37
18
46
11
8
1
8
0
0
31
3
1
1
115
1
123
7
1
4
14
143
653
1
28
92
152
25
2
68
107
38
3
10
21
46
35
24
8
15
0
10
6
21
117
130
33
29
29
81
109
14
48
39
5
14
50
289
13
4
2903
21
41
26
0
3
358
29
1
4
118
36
18
12
11
33
1
20
47
14
8
0
100
5
21
19
2
5
51
35
46
131
32
4
29
240
12
8
21
0
10
3
20
444
137
79
2
13
18
18
43
66
7
375
3
46
86
7
32
33
1
1
5
37
2
30
44
74
1
151
0
0
94
46
2
0
3
22
32
48
2057
3
1
8
2
150
1
42
23
33
103
39
115
161
7
10
27
127
3336
50
0
8
0
0
92
3
762
1
24
0
2
4
47
0
1
23
2
0
21
0
42
8
5
769
44
1583
6
32
6
1
69
31
23
265
38
0
25
1
6417
59
56
1
10
1
6
0
2
43
72
26
0
0
31
1
27
10
158
73
27
49
160
1
73
2
71
32
63
244
16
149
3
114
1
49
18
10
1
117
4
3
0
72
11
19
347
65
2
1
2
38
107
8
1
483
8
7
90
124
1
0
47
70
45
0
1
11
4
38
0
57
72
11
7
110
0
49
31
0
4
127
0
64
198
16
0
49
7294
14
426
22
7
0
10
1
11
5
61
0
0
330
4
26
25
15
4
14
12
110
0
1
8
66
7
22
17
115
9
145
16
29
14
41
7
18
58
39
51
53
9
0
1
32
25
33
64
41
11
17
53
87
3
22
117
35
278
0
3
0
9
30
10
9
1
11
25
91
39
62
289
32
2
87
52
39
2
18
150
153
87
44
38
51
29
2874
2
53
55
3
0
591
19
63
34
1
17
7
5
35
102
73
0
18
1
0
53
4
119
1
0
321
55
13
0
14
1
4
86
101
71
219
230
20
36
43
24
4
56
72
1
7
46
1
17
1
1
33
0
6
0
4
925
36
27
371
18
6
67
1
0
66
86
104
5
34
5
166
5
1970
36
105
13
22
0
41
276
123
24
0
5
0
4
0
2
2
2
26
0
39
22
34
1
8
7
1
0
29
157
1
3
84
29
0
1
18
0
56
3
4
7
5
17
11
56
52
2
2
27
168
1
8
167
18
0
9
14349
199
22
38
84
3
3
17
52
0
0
89
0
134
86
20
38
4
35
4
3
46
0
1
3
118
17
122
9
4
13
0
20
86
2
24
31
8
30
0
8
0
14
47
12
36
161
16
26
55
42
1
136
21
0
7
6
30
37
12
3
73
0
6
46
353
0
2
0
0
10
2
48
8
2
0
13
10
10
33
20
1
57
0
2
276
1
60
4
2
19
6
3
14
5
0
3
2
112
29
119
68
0
13
0
35
82
161
8
1
0
2
3
14
27
41
34
0
106
14
0
137
21
8
67
16
4
9
50
67
52
18
7
1004
1
6
1
101
2
0
31
470
196
1
49
16
4
29
1193
40
98
192
8
3
52
1
9
78
0
3
23
55
0
9
3
52
5
48
32
1
109
7
21
12
0
6
19
270
25
1
0
3
9
1
2
0
0
0
14
310
1
8
37
54
26
34
99
34
86
131
164
3
11
141
7
60
14
3
23
33
29
11
36
16
2
31
5
7
9
135
40
0
64
184
1
0
2
0
2
22
0
33
34
1
45
94
2
3
0
416
181
83
39
3
9
148
25
63
27
45
136
0
24
0
2
3
1
4
13
92
0
0
29
64
0
0
200
1
0
205
1
1231
133
19
2
5
2083
5
30
23
32
28
5
8
52
28
19
21
274
103
96
2
2
37
32
2
3
2
19
44
9
75
0
7
3
431
10
0
73
13
3
2
0
64
32
154
24
2
63
9
100
0
33
1205
6
196
358
122
1036
128
0
325
19
0
24
35
77
7
1
296
12
1
642
141
0
2209
0
117
39
38
35
951
0
0
75
0
5
3
0
0
2476
0
24
1
44
0
16
7
27
23
106
23
147
7
338
5009
22
63
92
2306
50
170
1
29
46
23
2
35
2114
43
70
51
0
4
0
36
0
21
16
0
1
11
30
0
97
59
8
19
5
20
29
23
0
5
56
0
4
33
0
27
19
0
113
37
0
100
431
0
0
0
40
22
12
0
4
13
0
33
3
53
51
0
2
22
0
92
1
91
114
6
35
14
5
2
36
86
135
0
22
85
5
5
430
3
15
21
71
127
1
1
3
9
2
37
4
1
16
0
29060
20
28
273
21
12
17
0
0
5
25
3
18
7
12
0
82
8
16
3
2
9
1
2
1


