
12
208
405
0
9
2
27
9
4
14
24
71
137
52
98
154
174
6
1509
89
181
248
47
172
47
43
68
37
202
69
17
78
103
2
9
163
46
5225
10
32
9099
5130
186
45
11
18
1317
28
2314
28
158
469
242
179
378
328
6
29
14
56
89
16
89
9687
111
24
107
41
52
3
35
19
45
17
61
249
40
40
1
28
24
27
860
7
227
196
160
280
6
19
661
270
1358
76
436
163
29
83
25
68
1
9
134
20
17
37
29
1146
119
28
16
3822
10
126
33635
58
55
55
94
20
76
29212
146
239
39
165
350
70
4947
11
40382
36
71
19
146
66
33
126
54
262
77
31
15
192
19
261
188
89
1136
275
6
143
1615
267
43
30
16
46
34
0
129
24
212
8
3
37
45
321
50
154
9
119
63
63
137
13
98
13
134
211
264
3
49
19
26
57
4984
7969
45
175
10
328
44
246
81
29
97
2969
59
89
68
146
8
49
1102
63
210
70
1390
32
66
30
54
61
191
37
153
99
59
61
151
571
240
11
80
7
491
291
167
21
519
22416
58
53
79
397
13
3
50
36
23
82
163
106
6
21
9
800
136
174
222
146
413
112
131
38
2218
19
19
32
52
210
52
204
156
11
3604
7
218
5349
21
18
4
155
98
4365
13
155
55
12
18
88
22
46
63
382
69
25
95
30
39
8
28
8
6
104
78
47
27
37
4753
563
39
6
7
57
126
28
76
121
187
22
2586
30
33
106
22
19
16
195
23
28
228
30
13
44
27
14
33
154
93
44
26
1
32
46
9406
99
12
292
4
10
42
43
50
11
9
76
34
6874
159
5
9
218
12
84
19
31
27
15
57
15
508
310
7
6
4
12365
7
75
53
162
97
75
373
2143
384
9
172
154
137
99
170
11
32
158
12
121
30
23
126
213
19072
62
35294
6
19
280
5
42
14
65
94
28
120
45
164
29260
29
19
152
17
100
34
29
29
45
31
66
64
67
52
250
24
2276
20
19
82
120
2892
58
3
321
9105
58
67
60
6
39
248
6925
62
75
136
54
143
92
9
85
59
156
26
340
10333
37
271
197
18
68
24
37
349
5907
20
120
32
11
50
98
9
50
15
39
230
139
329
176
2
39
11
21
196
204
38
61
14
11
198
8
226
56
4212
5
139
1927
50582
272
1970
23
63
168
265
90
18
3
40
13
61
886
228
77
33
33
6
13
5
9
69
12
12
17
25
103
40
54
89
190
59
61
585
99
129
86
61
78
71
4
68
21
21
9
21
31
178
28
13
86
20
40
109
67
44
90
409
184
312
197
117
31
146
62
42
23
97
138
24
55
4572
61
163
28
197
38
88
34
38
42
24
13
27
56
20
12387
3
101
49
92
41
32
55
33
152
98
20
32
109
73
162
545
74
57
142
1
37
15
110
49
17
6988
66
11
17
64
59
79
14
37
23
790
10096
120
35
20
5
119
28
228
47
16
167
20
148
64
65
7
8
286
104
109
4553
22
45
544
186
399
5231
34
40
42
25
11
168
68
174
73
127
11615
43
146
4
25
139
58
2180
15
11
64
8
21
27
17
30
11
26
85
101
124
129
9
161
4
7
81
29
58
1414
23
7
33
32
111
153
15
175
19
129
262
6
12
23
9
18
99
171
13
16
14
413
31
44
17
9
200
107885
25
36
33
8373
216
43
35
24
33
164
38
15
3020
21
79
49
16
112
341
22
48
38
163
56
517
26
3
23
103
28
19
66
142
250
7
77
8
26
44
57
0
77
99
191
55
12
166
16
49
38
290
270
11
7
62
22
33
9
20
194
41
12
302
46
12791
85
145
89
4
16
22
98
22
244
6
131
41
301
77
57
161
0
123
130
5872
197
184
144
235
182
26
146
26
133
21
174
150
27
16
14
10
91
30
12
66
8
34
326
372
121
10
19
158
17
13
40
158
9
75
104
8
106
68
13
36
49
80
73
20
54
199
35
6106
7
455
35
43
0
50
11
665
3775
24
9
127
98
5836
40142
323
7
503
81
0
8
46
7
53
19
54
61
2
44
64
4
65
52
83
47
176
22
126
193
26
116
2
99
1176
59
242
139
1
147
271
384
447
0
24
21
139
8
37
58
38
23
20
32
81
10
4
14
42
249
9
13
62
21
0
11
27
29
212
15
24
51
24
54
7
6
13
215
23
40
8288
52
261
349
238
371
11
14
149
19
72
61
18
62
216
87
164
12240
40
26
51
129
1953
107
32
37
70
1521
32
14
98
107
267
103
393
259
26
296
251
1
42
21
118
58
130
73
54
135
6260
998
28
125
50
37935
210
24
10
9
22
130
348
48
11
20
2
1296
566
158
40
111
49
61
254
1
89
58
4037
174
25
3
61
334
2479
65
372
62
11
3
9
1
36
6
864
85
46
43
43
242
1
1094
4702
693
13409
7741
11195
1339
8221
80
8662
4791
80
22
2724
5569
1233
28
294
10
10
11756
403
83
45144
59
13
29
91
18
367
183
102
13
1
27
25
17
171
19688
22
15
34
89
154
174
271
36
29
79
60
29
69
14288
20172
25
22
33
4278
35
1023
45
33
54
30
130
12
9456
44
86
54
35
69
1
120
87
33
53
76
79
127
10
167
60
15
127
78
81
133
100
21
462
133
38
80
27
77
202
21
32
27
6329
98
154
12
2802
117
17
82
67
41
107
126
144
5
110
4
162
42
28
174
36
1692
14
23
88
23
119
54
28
20
46
62
319
13
4
7
1449
25
175
125
256
166
22
35
83
27
104
57
458
63
171
11
47
68
66
108
45221
15
23
1679
143
21
59
135
13
58
86
148
25
119
101
155
61
165
118
37
142
353
28
143
201


