
1
26
163
0
4
12
9
5
0
12
105
127
0
218
270
7
89
44
3159
10
41
2
8
4
28
16
3
49
24
271
30
30
18
0
1
51
172
701
3
176
1977
1284
86
121
50
83
1475
126
1424
49
5
385
11
88
3
6
2
0
154
176
188
60
82
3719
123
0
2
29
5
0
102
0
72
285
1
28
280
3
5
175
72
48
194
33
11
12
39
69
105
38
20
14
1342
10
44
94
121
45
19
84
1
0
82
1
69
249
193
174
65
5
120
1173
42
45
14868
179
114
114
73
16
75
8992
54
53
24
141
32
273
3019
17
12071
25
264
189
171
44
1
218
241
9
308
134
0
18
64
4
252
156
421
169
109
18
671
7
199
167
152
28
290
29
238
125
17
237
2
157
207
360
273
5
106
598
187
6
123
150
93
93
60
115
56
0
242
109
0
8
326
1194
177
11
41
21
108
6
111
71
167
626
0
18
240
182
1
192
544
325
10
190
2972
3
21
11
307
99
62
21
35
3
0
176
18
3
4
141
39
113
133
9
84
123
1237
11124
2
119
57
384
6
1
15
86
8
24
125
258
74
95
160
86
178
6
107
119
248
560
564
150
429
93
252
235
125
92
102
71
85
92
2196
92
34
12756
153
239
109
2
31
3424
90
4
20
173
79
159
99
25
340
77
154
114
193
43
9
128
20
95
142
16
66
230
201
252
2808
388
75
145
191
74
213
82
9
105
12
71
4417
219
111
6
77
57
86
262
175
55
823
36
6
194
109
123
166
2
4
70
151
3
105
21
1121
8
194
4
0
167
188
54
9
29
105
209
216
14613
41
0
1
107
221
13
204
256
166
193
251
169
784
96
31
45
78
21644
125
33
23
5
9
158
33
4337
37
9
3
9
7
37
3
2
71
46
0
226
0
178
137
53
9258
253
20947
23
121
54
1
279
115
14
169
60
0
161
23
36777
362
118
11
1
32
79
1
16
209
144
132
8
3
161
95
147
157
183
236
164
110
1662
17
48
39
1332
11
30
49
5
55
19
1766
38
224
284
93
3
363
0
30
2
229
64
187
5291
357
35
20
24
211
178
110
40
4863
45
52
395
183
8
4
128
132
158
3
10
131
36
266
1
185
185
44
28
52
11
255
178
0
24
175
8
371
2996
96
15
240
19773
65
372
104
66
8
87
51
11
3
253
7
1
2327
7
229
58
94
76
45
43
87
0
10
26
152
76
118
159
35
12
180
168
169
171
104
71
120
257
159
142
2
119
8
9
88
99
169
555
131
130
223
148
392
18
195
505
245
1211
14
2
9
85
173
78
113
25
121
155
82
188
249
3798
238
8
268
179
246
1
85
27
286
172
5
153
244
155
20571
12
322
192
16
10
90
135
10
237
9
92
49
6
202
599
727
0
93
13
0
238
17
456
0
0
5809
102
33
0
169
21
70
144
159
207
1188
2335
62
173
144
34
136
211
505
8
13
223
9
94
5
2
113
6
85
20
46
3005
10
133
435
168
61
1296
3
6
224
296
118
29
224
63
240
10
15953
277
299
3
134
5
309
2502
177
17
0
43
19
29
17
26
12
33
111
6
215
65
80
17
0
41
7
4
167
1453
19
23
340
120
9
5
89
12
229
25
90
43
3
89
51
100
164
40
11
5
182
11
73
392
119
0
80
77681
177
126
195
1392
53
32
133
156
0
5
36
3
1173
175
211
167
4
229
87
31
238
4
5
34
223
34
80
36
23
199
0
146
212
24
109
152
64
7
19
24
1
88
227
59
208
247
187
116
251
273
28
871
30
0
114
51
152
43
3
114
188
0
90
295
5785
9
29
3
0
89
28
172
28
16
4
108
44
108
294
129
18
10
5
10
2092
12
715
52
28
377
40
8
90
29
0
19
9
5
191
123
91
13
34
1
173
77
13
219
13
10
27
48
142
146
109
194
13
206
64
66
103
153
91
85
83
24
57
310
95
295
61
87
8606
19
225
29
385
0
1
213
344
2954
23
141
185
61
398
19747
95
80
1142
105
0
14
2
37
55
1
6
340
35
0
50
5
174
63
239
63
14
188
8
474
99
0
6
250
1316
69
7
1
0
107
21
28
64
0
0
52
170
8
2
255
18
90
104
233
224
125
192
189
22
46
167
89
436
101
1
165
179
168
62
177
5
10
149
36
9
4
171
260
34
147
1721
21
14
25
13
85
34
0
89
106
22
154
110
3
17
2
433
3274
342
11
32
1
2225
177
23
7
317
1467
3
116
4
13
51
12
45
89
38
22
13
8
168
0
2
47
12
39
77
7
5987
1651
119
13
17
26397
63
74
84
38
130
47
109
306
90
47
45
1126
1337
715
62
7
259
190
45
0
17
45
467
100
157
2
47
10
4499
99
52
438
52
2
0
0
210
76
1323
65
78
15
50
534
0
590
8311
33
4409
6038
2541
3672
3418
9
6839
302
0
78
484
748
157
1
211
8
0
7539
453
10
35166
3
174
119
281
127
218
3
2
148
1
12
25
5
9
17646
1
90
50
64
23
147
40
217
161
437
136
305
81
2224
28672
120
206
214
11511
204
1516
11
133
97
117
49
112
15173
268
338
169
3
109
1
223
2
14
3
12
30
109
112
34
366
125
47
113
96
151
186
95
25
40
275
4
53
214
3
117
192
1
888
88
5
168
4269
14
3
2
157
129
64
12
46
28
4
5
4
168
205
4
30
457
0
183
13
120
613
60
139
142
49
9
232
129
144
5
416
316
61
15
458
95
69
101
178
215
2
6
119
59
26
74
53
0
199
2
87227
117
88
3029
233
100
46
4
7
25
214
15
49
124
126
6
404
89
44
2
25
48
0
1
21


