
0
1
0
0
0
0
0
0
0
0
2
0
0
1
2
0
4
1
14
0
1
0
2
0
0
0
1
2
1
0
1
0
7
0
1
0
1
21
1
1
49
37
13
0
0
3
31
0
24
0
0
18
0
0
1
1
0
0
3
1
1
0
0
59
1
1
3
4
0
0
2
0
1
1
0
11
3
0
0
1
3
3
13
1
0
3
1
0
0
1
14
2
16
0
8
0
0
0
0
2
0
0
1
0
1
2
1
39
0
0
0
54
0
0
243
1
0
5
2
2
2
209
3
2
4
2
6
1
66
1
380
0
2
1
1
1
0
1
0
0
1
0
0
1
3
9
4
1
13
1
1
4
15
4
3
1
0
4
0
0
4
0
4
0
0
0
0
5
6
0
1
3
1
0
0
0
1
0
0
2
2
0
2
1
0
1
11
59
1
0
1
12
0
0
3
0
0
36
0
0
0
4
0
3
14
0
0
0
28
2
3
1
0
2
0
0
0
0
3
1
0
2
7
0
1
2
12
6
2
0
19
165
5
2
7
0
0
0
5
0
2
1
3
0
0
1
0
7
3
0
24
6
4
0
3
1
26
0
1
3
1
0
0
3
2
0
82
0
2
211
5
1
0
0
1
49
0
0
0
1
1
2
0
0
3
5
0
0
5
1
0
0
0
2
1
5
2
0
1
1
44
5
2
0
1
1
8
1
4
0
1
0
52
1
1
1
0
2
1
3
1
0
3
2
0
0
2
0
0
0
3
2
2
0
0
0
30
1
0
1
0
0
1
0
0
0
1
2
0
148
1
0
0
4
2
3
0
2
1
2
2
0
7
2
0
1
2
276
0
0
0
0
0
1
0
30
1
3
0
0
0
0
0
0
0
3
0
1
0
1
1
1
151
1
338
1
2
1
0
2
1
1
0
0
0
2
3
486
1
0
0
0
3
0
0
0
3
0
2
2
0
0
0
1
4
0
0
3
3
54
0
2
6
37
2
0
1
0
6
1
46
0
5
6
2
1
3
0
0
0
0
0
2
89
0
0
2
2
1
2
2
0
42
0
0
3
2
1
0
1
0
0
0
3
0
3
2
0
0
1
0
2
3
0
1
2
0
2
1
8
2
55
1
1
7
746
2
1
0
0
0
2
0
1
0
2
1
0
21
7
1
1
3
0
0
0
1
6
0
0
1
4
1
1
0
0
0
0
0
17
2
0
1
0
0
0
1
0
0
0
1
0
5
6
1
2
0
1
1
5
0
4
5
6
0
8
0
0
0
2
0
0
3
2
2
0
0
72
4
0
1
3
5
0
0
1
4
0
1
0
1
1
249
0
1
2
2
0
0
2
0
1
0
0
0
0
2
0
7
2
0
0
0
0
0
0
0
1
80
1
0
0
1
1
0
0
2
1
4
88
2
0
2
0
2
1
11
0
4
7
0
4
0
4
0
2
3
1
0
41
1
2
4
1
3
34
0
1
1
2
0
1
1
0
4
6
279
2
0
0
1
1
2
38
0
1
0
0
1
1
0
1
0
1
2
0
5
2
2
0
0
1
1
1
2
26
3
0
1
2
0
0
1
0
0
2
4
1
0
3
1
0
2
2
0
0
0
1
0
0
1
0
0
3489
1
0
0
61
1
1
2
1
0
4
2
0
21
1
1
4
1
5
1
0
4
0
5
2
12
4
1
0
0
0
0
1
2
10
0
1
0
0
2
3
0
2
2
1
4
0
1
3
4
0
1
9
0
0
2
0
0
0
0
7
1
1
1
0
92
3
0
4
0
0
0
0
0
6
0
2
0
3
1
2
1
0
0
4
37
5
3
0
15
6
1
4
0
0
0
6
0
2
0
2
1
0
0
0
1
1
1
10
4
0
0
0
2
0
2
0
2
1
0
1
1
2
2
0
1
1
0
1
1
4
4
1
82
0
16
1
2
0
0
1
9
48
0
2
0
0
22
323
0
0
9
0
0
0
1
2
0
0
0
4
1
0
2
0
2
1
0
0
0
1
0
2
3
0
0
2
17
1
7
0
0
2
1
1
4
0
0
0
0
0
1
0
0
2
2
2
3
1
2
0
1
0
1
2
1
2
0
0
0
3
2
0
0
0
0
2
0
0
0
1
0
0
34
0
2
7
0
6
0
0
0
4
0
1
1
1
0
0
1
93
2
0
0
0
33
3
0
0
1
20
3
0
1
2
2
1
2
0
1
2
0
0
1
1
1
0
0
1
1
0
62
28
1
0
0
451
1
0
1
0
1
1
11
1
1
0
0
32
17
7
0
0
3
1
1
0
2
1
13
0
1
0
2
6
33
0
2
4
1
0
0
0
2
3
5
0
3
2
3
5
0
14
70
5
80
77
73
28
57
3
69
26
0
1
12
27
19
0
1
0
1
126
3
3
509
5
1
1
1
0
5
0
0
1
1
0
0
1
0
284
0
0
0
2
1
5
3
0
1
2
2
1
2
67
531
1
1
2
56
0
10
0
3
2
0
0
2
172
0
1
5
2
0
1
3
1
0
0
0
0
3
0
0
1
1
1
0
2
0
1
0
0
2
1
2
0
3
0
1
2
3
46
1
0
0
78
0
0
1
5
1
1
0
0
0
0
0
0
2
6
0
1
10
0
2
2
0
2
1
0
0
1
0
4
2
0
0
21
1
3
2
3
4
6
0
2
1
0
0
12
1
0
0
1
0
0
0
1149
1
0
36
2
0
3
0
2
0
1
1
0
0
2
3
3
1
3
4
2
18
0
0
4


