
468
838
1160
39
1096
311
1257
1608
496
535
1
0
0
1
1
0
0
0
8
0
0
0
0
0
0
0
0
4
0
0
0
3
2608
151
1136
0
0
20
0
0
7
2
0
0
0
0
0
0
2
0
0
0
0
0
0
0
521
0
0
0
0
0
0
57
0
0
0
1339
968
18
0
0
0
2
0
0
2
0
0
0
1
0
0
0
0
0
0
0
0
0
2
0
1
0
2
0
0
0
0
0
100
0
1368
1695
0
1
0
4
0
0
0
6
0
0
30
0
0
0
0
0
0
29
0
0
2181
1
0
0
5
1
325
0
0
0
0
2191
0
1
0
0
1
3787
685
0
0
0
0
0
0
55
0
1
0
0
2
0
0
0
0
0
1
1
0
0
0
0
0
0
0
0
0
2
0
0
3
2
0
0
0
0
0
0
1
0
0
0
6
13
0
0
0
0
0
0
0
0
0
9
0
0
0
0
0
0
2
1
0
0
13
991
1605
1416
2
0
0
0
0
0
0
1
0
0
0
0
0
1
0
0
0
0
2
47
0
1
1767
37
2900
175
1316
143
881
2
0
0
0
0
1
0
1
0
0
1
0
1
0
0
2
0
4
1
0
0
0
0
0
0
10
0
0
26
0
0
0
0
0
5
0
0
0
0
0
0
0
0
0
0
0
1
0
0
0
1
0
0
0
0
0
0
0
0
4
0
0
0
0
0
0
0
0
0
0
0
5
1
1
0
0
0
2
1
0
0
87
0
1177
0
0
0
1
0
0
1
0
68
2769
1194
41
0
2
0
117
0
0
0
287
1
0
0
1
28
0
605
303
0
0
0
0
0
0
1
0
1
2
0
0
0
4
53
3
0
0
0
0
4
0
20
0
746
0
0
0
1881
0
157
0
0
0
1
0
0
0
0
65
0
49
0
0
0
188
2
0
2478
24
2
0
0
1
1147
0
0
0
427
0
0
0
0
0
0
2
0
0
0
0
4
8
1
3
0
0
36
0
0
2
20
1440
1528
2893
289
3831
0
9
0
0
1
0
0
5653
217
0
0
17
0
1
8
0
0
0
0
1
3
0
0
7
0
0
3
2
0
0
0
0
0
0
0
0
8
1
0
0
3
0
0
1428
0
0
2
0
0
0
0
2
4
0
0
63
749
0
118
0
0
0
0
0
1871
535
0
0
0
3
2
0
0
0
49
2
4
6
0
297
0
1
0
0
0
3755
0
15
1491
0
1
0
0
0
1
0
0
1150
0
0
0
0
0
0
1
0
0
0
1
0
0
0
2
0
19
0
1
0
0
0
0
1
0
0
1
429
0
0
4
0
0
184
2782
1
0
0
2609
2
0
495
1
0
0
58
0
0
2
0
0
7355
0
4269
1
0
0
0
0
0
7
4
0
0
0
0
0
0
0
0
0
97
0
0
0
1
0
1
0
1
1
49
990
1
1
15
0
0
2
0
0
2790
0
0
0
0
0
0
0
0
0
1
13
781
2
2053
0
3
2
0
0
0
1
2
0
1
0
2
1
30
0
0
431
0
0
3
4
0
565
0
0
0
0
0
0
0
0
0
0
0
0
0
3
120
0
0
1
1
19
0
209
1
0
0
0
0
0
3
0
0
1
346
0
0
1
1
0
0
3478
0
0
0
0
0
0
0
8015
15
0
1
7
0
1
1
0
0
0
1010
0
322
3
0
2
0
0
0
0
1
0
0
0
39
1
0
0
0
1
0
0
0
0
0
1
1
1197
0
0
0
0
0
0
0
3
0
0
0
0
0
0
0
0
0
1
0
1
383
5
0
0
0
0
51
0
0
0
0
0
0
1
0
1
0
0
0
0
2
0
1
8
0
0
424
0
1
0
0
0
0
0
0
0
0
1
2
1890
0
1
0
0
0
0
1
4
162
0
0
0
4
0
1
0
0
0
1
0
0
0
0
0
1
0
0
1
0
0
0
1
0
3
12
0
1
0
1
91
0
0
6094
15
0
1
1
0
3
45
16
0
6
0
32
511
0
0
4578
281
1015
0
0
0
0
468
0
0
0
80
0
0
0
0
1
0
479
0
14
0
0
0
116
0
0
0
1
10
0
0
343
0
834
2
5
1
1
0
1
0
3
2
1
0
0
0
3
0
35
0
0
0
0
0
1674
251
3
0
0
123
0
2
0
0
2032
0
0
0
0
0
1
0
0
0
0
1
0
0
0
0
275
15
0
2977
184
82
89
0
1859
5127
0
8
0
0
0
0
0
0
0
0
1195
0
0
0
0
0
0
23
0
0
45
0
27
3
0
0
0
56
1
1
0
0
0
1
0
3
0
0
0
4
2
0
0
0
0
0
0
125
0
0
48
0
31
308
0
1
4
0
0
0
0
273
45
0
0
0
6
0
0
1917
0
7
1017
2
12
1
5
5
10
36
11
0
5
6
0
2
8
10
1
0
399
105
162
18
6
0
54
0
2
1
0
2
14772
0
0
0
213
295
0
3
0
63
0
42
0
1696
0
0
0
2
1
2
0
0
0
2130
86
0
0
2
40
0
1
0
1
1
0
0
0
30
1
0
1
0
0
0
1
0
1524
2235
0
0
0
0
1
0
0
1
0
0
1
1
0
0
0
0
0
0
0
0
0
0
0
16
1
0
0
4
0
0
0
2
0
0
0
0
0
0
363
0
0
0
0
0
2
0
0
0
0
1
0
1
1021
0
0
0
1
3
0
1
0
0
0
3165
0
0
0
0
0
0
0
0
0
0
2
0
0
0
0
1826
0
0
2
0
0
4692
0
0
0
1
0
1
0
0
0
2
0
0
0
0
1
42
87
1


