
0
1
3
0
1
0
0
0
0
0
5
2
2
3
1
7
2
0
59
0
4
44
28
23
0
11
0
2
18
4
3
0
3
0
0
2
4
89
0
5
89
117
5
2
4
1
200
1
74
1
0
9
6
2
2
17
0
2
0
7
4
1
4
112
3
14
13
0
0
0
2
14
3
1
11
396
1
29
0
1
5
38
20
2
6
2
8
11
1
2
43
159
66
0
406
7
6
5
1
4
0
10
6
0
0
5
1
893
1
5
1
168
0
4
516
2
0
30
8
1
5
477
6
7
0
3
35
2
73
3
741
69
7
1
4
0
0
2
5
2
3
1
0
6
1
67
5
6
61
5
2
67
33
6
5
3
0
22
4
0
6
2
68
1
0
5
5
13
5
0
0
14
3
13
3
0
0
0
1
4
7
0
4
5
4
117
102
784
1
4
1
25
4
6
4
2
0
159
12
75
4
1
1
5
19
3
49
6
107
0
1
1
4
4
3
4
6
21
52
1
0
19
14
0
4
1
30
7
2
5
15
308
17
5
1
11
0
0
3
0
0
2
9
0
0
2
2
35
4
0
16
7
20
8
9
1
123
3
0
4
7
7
4
7
4
3
1361
2
7
329
3
0
1
0
3
153
5
1
1
1
1
5
0
0
10
7
1
2
1
0
17
2
4
4
2
88
0
4
2
17
98
20
3
3
1
1
5
2
50
1
30
1
122
0
0
3
1
4
5
6
5
1
17
0
0
6
1
1
0
2
43
1
1
0
0
0
94
7
0
3
0
2
4
5
0
1
0
9
0
242
0
0
1
203
1
36
3
5
3
4
0
2
35
13
1
1
1
455
1
4
1
4
0
3
4
216
2
0
6
4
0
0
7
0
2
1
7
3
12
4
9
15
347
2
693
0
5
8
0
6
0
0
6
1
0
11
23
1244
5
1
4
0
76
2
13
2
2
0
7
50
28
2
7
8
50
1
0
1
6
237
1
0
274
140
0
1
4
0
0
59
92
101
5
9
11
88
1
0
25
1
4
2
11
197
2
6
125
3
1
2
6
4
136
0
1
4
5
65
2
1
1
0
2
3
3
7
20
0
3
2
0
1
0
3
8
0
4
3
0
104
10
131
1
2
194
5031
6
13
2
1
8
5
3
0
0
2
1
45
186
27
5
2
3
0
0
0
2
0
1
2
5
7
3
1
0
1
4
0
0
219
4
6
1
8
2
3
6
4
3
3
1
0
2
12
2
1
5
3
1
85
4
2
7
22
2
4
2
1
1
2
16
19
4
2
6
2
3
108
5
6
1
2
1
53
0
1
3
1
0
1
4
2
627
2
5
5
140
44
1
8
0
5
2
2
2
1
3
10
37
8
2
11
1
6
0
11
22
17
200
3
19
7
7
55
2
0
4
2
40
406
7
2
2
0
4
5
21
0
0
12
0
18
15
25
3
5
9
1
1
139
2
1
64
4
18
71
40
10
0
3
0
2
5
6
9
6
1511
3
8
0
0
132
3
202
3
0
57
3
3
3
3
2
0
2
4
2
14
11
1
9
0
4
35
19
0
167
8
0
9
2
1
0
1
5
2
8
5
0
0
4
1
0
9
5
1
0
2
13
3
4
6
9
0
6771
0
5
2
357
3
75
4
3
7
67
1
5
105
3
5
4
30
5
3
1
16
110
32
95
15
22
0
1
2
0
19
3
6
81
1
3
1
0
3
79
0
8
8
4
3
2
2
0
2
5
8
11
1
3
4
4
9
0
0
8
0
12
5
4
302
112
2
56
0
2
1
3
2
209
1
14
3
7
6
4
4
0
0
124
56
20
6
2
86
10
1
129
0
4
4
88
6
21
1
0
1
0
20
27
1
1
0
22
74
4
0
5
2
1
3
1
75
4
3
0
2
6
2
1
3
44
8
6
0
3
11
1
170
0
12
1
2
0
16
3
11
58
0
4
8
3
138
1181
802
1
24
1
0
0
46
1
1
0
1
9
0
75
76
1
0
3
8
2
1
0
0
13
2
3
0
7
61
8
140
3
0
4
13
1
1
0
17
2
6
0
0
9
0
1
1
3
9
2
2
0
80
1
0
0
5
0
0
2
5
9
6
4
0
0
0
76
0
0
0
5
3
1
117
71
59
233
0
13
0
1
5
3
0
1
1
2
9
25
19
177
4
0
0
0
50
2
0
0
9
49
48
0
73
3
2
3
15
9
2
4
1
0
1
1
39
0
1
5
2
2
221
40
3
7
0
2866
2
1
0
0
3
4
106
4
3
1
2
166
34
7
1
3
3
6
6
0
43
1
169
3
0
0
71
115
88
3
1
8
1
0
0
0
2
3
23
4
4
0
6
13
0
76
219
42
332
170
222
75
97
7
214
87
22
1
39
108
196
33
4
0
0
345
18
87
1037
37
2
2
2
0
11
2
1
1
0
0
1
11
1
1070
23
0
8
0
4
4
6
3
2
12
9
0
7
124
978
1
4
1
174
6
44
58
1
3
1
2
4
1346
2
1
27
54
1
1
8
9
0
0
49
66
8
2
0
1
0
59
2
3
3
3
4
3
4
2
1
0
5
4
4
0
46
99
0
14
1
455
0
2
15
7
11
2
0
7
1
7
0
78
2
2
8
63
23
5
1
7
4
4
4
4
0
3
53
7
2
0
0
264
2
7
0
4
21
4
3
0
3
1
5
21
0
0
1
11
9
0
3
1987
0
0
120
6
0
0
11
6
1
1
0
5
10
6
4
7
3
8
0
42
266
0
0
17


