
0
1
1
0
2
0
1
0
0
1
0
0
0
0
0
0
0
0
2
0
0
0
0
0
0
0
0
0
0
0
0
0
5
0
0
0
0
4
0
0
2
0
0
0
0
0
2
0
1
0
0
0
0
0
0
0
2
1
0
0
0
0
0
5
0
0
0
2
0
0
0
0
0
0
0
0
0
0
0
1
0
0
0
0
0
1
0
0
0
0
1
0
0
0
1
1
0
0
0
0
1
0
3
2
0
0
0
0
0
0
0
1
0
0
20
0
0
0
0
0
0
27
0
0
1
0
0
0
0
0
25
0
0
0
0
1
0
0
0
0
0
0
2
0
0
0
0
0
0
1
0
0
0
0
0
0
0
0
0
0
0
0
0
0
0
0
0
1
0
0
0
0
0
0
0
0
0
0
0
0
0
0
0
1
0
0
2
5
0
0
0
0
0
0
0
0
0
3
0
0
0
1
0
0
1
0
0
0
0
2
1
0
0
1
0
0
0
0
0
0
0
0
0
0
0
0
1
0
0
0
1
32
0
0
6
0
0
0
1
0
0
0
0
0
0
0
0
1
0
0
0
0
0
0
0
0
1
0
0
0
0
0
0
0
0
0
2
0
0
2
0
0
0
0
0
2
0
1
0
0
0
0
0
0
0
0
0
0
0
0
0
0
0
0
0
0
0
0
0
0
1
0
0
0
0
0
0
0
0
0
0
0
1
0
0
0
0
0
0
1
0
0
6
0
3
0
0
0
0
0
0
0
1
0
0
1
4
0
0
0
0
0
0
0
0
0
0
0
0
2
0
0
0
0
0
0
0
0
0
0
0
0
0
0
0
0
0
10
0
0
0
0
0
0
0
3
0
1
0
0
0
0
0
0
0
0
0
0
0
0
0
1
11
0
33
0
0
0
1
0
0
1
0
0
0
0
0
48
0
0
0
1
0
0
0
0
0
0
0
0
0
1
1
0
0
0
0
0
0
0
0
0
0
2
2
1
2
0
1
0
3
0
0
0
0
0
4
0
0
0
0
0
0
13
0
0
0
0
0
0
0
0
6
0
0
0
0
0
0
0
0
0
0
0
0
0
0
0
0
0
0
0
1
0
0
0
0
0
0
0
0
8
0
0
2
39
0
3
0
0
0
1
0
0
0
0
0
0
1
0
0
0
0
0
0
0
0
0
0
0
0
0
0
0
2
0
0
0
0
0
0
0
0
0
0
0
0
0
0
0
0
1
0
0
0
0
0
0
0
1
0
0
0
0
0
0
0
0
0
0
0
0
0
0
1
0
0
5
0
0
0
1
0
0
0
3
0
0
2
0
0
0
10
0
0
0
0
0
4
1
1
1
0
0
0
0
0
0
7
0
0
0
0
0
0
0
0
0
4
0
0
0
0
0
0
0
0
0
0
11
0
0
1
0
0
0
0
0
3
0
0
0
0
0
0
0
0
0
0
1
3
0
1
0
0
3
0
0
1
0
0
0
0
0
0
1
3
0
0
0
0
0
0
1
0
1
0
0
0
0
0
0
0
0
0
0
1
0
0
0
0
0
0
0
0
0
0
0
0
0
0
0
0
0
0
0
0
0
0
0
0
0
0
0
0
5
0
0
0
0
0
0
1
96
0
0
0
4
0
0
0
0
0
0
0
0
1
0
0
0
0
0
0
0
0
0
0
0
0
0
0
0
0
0
0
0
0
0
0
0
0
0
0
0
0
0
0
1
0
0
0
0
1
0
1
0
0
0
0
0
0
0
0
0
0
0
0
0
6
0
0
0
0
0
0
0
0
0
0
0
1
0
0
0
0
0
0
0
8
0
0
0
1
0
0
0
0
0
0
0
0
1
0
0
0
0
0
0
0
0
0
0
0
0
0
0
0
0
0
0
0
1
0
0
0
0
0
0
0
0
0
0
0
0
0
0
6
0
0
0
0
0
0
1
5
6
0
0
0
0
2
36
0
0
0
0
0
0
0
0
3
0
1
0
0
0
0
0
0
0
0
1
0
0
1
0
0
0
1
0
2
0
0
1
0
0
0
0
0
0
0
0
0
0
0
0
0
0
0
0
0
0
1
0
0
0
0
0
0
0
0
0
0
0
0
0
2
2
0
0
0
0
0
0
0
0
5
0
0
0
0
0
0
0
0
0
0
0
0
0
0
0
0
10
0
4
0
0
5
0
3
5
0
1
0
0
0
0
1
0
0
0
1
0
0
0
0
0
0
0
0
0
0
0
4
2
0
0
0
40
0
0
0
0
0
0
0
0
0
0
0
1
1
0
0
0
0
0
0
0
0
0
2
0
0
1
0
0
3
0
0
0
0
0
0
0
0
0
0
0
0
1
0
1
1
8
4
0
3
15
11
5
7
0
10
5
0
0
5
5
1
0
0
0
0
10
1
0
40
0
0
0
0
0
11
0
0
0
0
0
0
0
0
26
0
0
0
1
0
0
0
0
0
0
0
0
0
6
29
0
0
0
6
0
0
0
0
0
0
0
0
14
0
0
0
0
0
0
0
0
1
2
0
0
0
0
0
0
0
0
0
0
0
0
0
0
0
0
0
0
0
0
0
1
0
2
0
0
0
0
0
0
0
0
0
0
0
0
0
0
0
0
0
0
0
0
1
0
0
0
0
0
0
0
0
0
0
0
0
0
0
0
0
0
0
5
0
0
0
0
0
0
0
0
0
0
0
0
0
1
1
57
0
0
2
0
0
6
0
0
0
0
0
0
0
0
0
0
0
0
0
0
0
0
0
0


