
0
1
6
0
1
1
2
2
0
0
0
0
0
0
0
0
0
0
1
1
0
0
0
0
0
0
0
0
0
0
0
0
0
0
0
0
0
1
0
0
6
4
0
0
0
0
2
0
2
0
0
1
0
0
0
0
0
0
0
0
0
0
0
9
0
0
0
1
2
1
0
0
0
0
0
0
0
0
0
0
0
0
0
1
0
0
0
0
0
0
1
0
0
0
0
0
0
0
0
0
0
0
0
0
0
0
0
1
0
0
0
1
0
0
39
1
0
0
0
0
0
27
0
0
4
0
0
0
4
0
24
0
0
0
0
0
0
0
0
0
0
1
0
0
0
0
0
0
0
4
0
0
0
0
0
0
1
0
0
0
0
0
0
0
0
0
0
0
0
0
0
0
0
0
0
0
0
0
0
0
0
0
0
0
0
0
4
6
0
0
0
0
0
0
0
0
0
5
0
0
0
0
0
0
2
0
1
0
1
5
3
1
0
0
0
0
0
0
0
0
0
0
0
0
0
0
0
0
0
0
1
29
1
0
0
5
1
0
0
1
1
0
1
0
0
0
0
0
0
0
0
0
0
0
0
0
4
0
0
0
0
0
0
0
0
0
0
0
0
4
0
1
0
0
0
0
0
0
0
0
0
0
0
0
0
1
1
0
0
0
0
0
0
0
0
0
0
0
0
0
2
1
0
0
0
0
0
0
0
0
0
0
2
0
1
0
0
0
0
0
0
0
39
0
2
0
0
0
0
0
0
0
0
0
0
1
3
0
0
0
0
0
0
0
0
0
0
1
0
4
0
0
0
0
0
0
0
0
0
0
0
0
0
0
0
0
0
13
0
0
0
0
0
0
0
2
0
0
0
0
0
3
0
0
0
0
0
0
0
0
0
0
11
0
33
0
0
0
0
0
1
0
21
0
0
0
0
38
0
0
0
1
0
0
0
0
0
0
0
0
0
0
0
0
0
0
0
0
2
1
0
0
1
8
0
1
5
0
3
0
9
0
1
0
0
0
4
1
0
0
9
0
0
7
0
0
0
0
0
0
0
0
4
0
0
0
0
0
0
1
0
0
0
0
0
0
0
0
0
0
0
0
0
0
0
0
0
0
0
0
0
1
0
0
3
34
0
34
0
0
0
0
0
0
0
0
0
0
1
0
0
0
0
0
0
1
0
0
0
0
0
0
0
0
8
0
10
7
0
0
0
0
0
0
0
0
0
0
0
0
0
0
0
0
0
0
0
0
0
0
0
0
0
1
0
0
0
0
0
0
0
0
0
0
3
0
1
2
0
0
2
2
0
0
0
3
0
0
1
0
0
0
13
0
0
0
0
1
1
0
1
0
0
0
0
0
0
0
0
0
0
0
0
0
0
0
0
0
6
0
0
0
0
1
0
0
0
1
1
11
0
0
0
0
1
0
0
0
1
0
0
0
0
0
0
0
0
0
0
1
1
0
15
0
0
4
0
0
0
0
0
0
0
0
1
0
2
0
0
0
0
0
1
2
0
0
0
0
0
0
0
0
0
0
0
0
0
0
0
0
0
0
0
1
0
3
0
0
0
0
0
0
0
0
0
0
0
0
2
0
0
0
0
0
0
1
0
0
0
0
0
0
0
127
1
0
0
4
1
0
0
0
0
0
2
0
7
0
0
0
0
0
0
0
0
0
0
0
0
0
0
0
1
0
0
0
0
0
0
1
0
0
0
0
0
0
0
0
0
0
0
0
0
0
0
0
0
0
0
0
0
0
1
0
0
0
1
0
12
0
0
0
0
0
0
0
0
1
1
0
0
0
0
0
0
0
0
0
14
0
0
0
0
0
0
0
0
1
0
0
0
2
0
0
0
0
0
0
0
0
1
0
0
0
0
0
0
0
0
0
0
0
1
1
0
0
0
0
0
0
0
0
0
0
0
0
9
0
1
0
0
0
0
0
6
6
0
0
0
0
0
36
0
0
0
1
0
0
0
0
0
0
0
0
0
0
0
1
0
0
0
4
0
0
0
2
0
0
2
0
0
0
0
0
0
0
0
0
0
0
0
0
2
0
0
0
1
0
0
0
0
0
0
0
0
0
0
0
0
0
0
0
0
0
0
0
0
0
0
0
0
0
0
0
0
0
4
0
0
0
0
0
0
0
0
0
0
0
0
0
0
0
21
11
0
2
1
0
4
1
2
0
0
0
0
0
0
0
0
0
0
2
1
0
0
0
0
0
0
0
0
0
2
0
3
1
0
0
0
44
0
0
0
0
1
0
0
0
0
0
0
1
1
0
0
0
0
0
0
0
0
0
6
1
0
0
0
0
2
0
0
0
0
0
0
0
0
0
0
0
0
2
0
0
1
3
1
1
11
7
14
1
15
0
11
7
0
0
3
5
0
0
3
0
0
7
0
0
31
0
0
1
0
0
11
0
0
0
0
2
0
0
0
13
0
2
0
2
0
0
0
0
0
0
0
0
0
9
24
0
0
0
3
0
2
0
0
0
0
0
0
12
0
0
0
0
0
0
0
0
1
0
0
0
0
0
0
1
0
0
0
0
0
0
0
0
0
0
0
0
0
0
0
0
0
1
0
0
0
0
0
0
0
0
0
0
1
0
0
0
0
0
0
0
0
0
0
0
0
0
0
0
1
0
0
0
0
0
0
0
0
1
0
0
0
11
0
0
0
0
0
0
0
0
0
0
0
0
0
0
0
50
0
0
1
0
0
4
0
0
0
0
0
0
0
0
0
0
0
0
0
0
0
0
0
0


