
4
4
12
0
3
0
6
3
0
3
0
2
83
9
2
28
16
0
126
33
18
86
6
98
1
3
68
0
49
6
0
6
39
0
1
20
6
3765
51
2
3780
1160
50
2
1
2
95
1
821
2
56
25
73
33
189
461
1
2
0
6
2
2
3
1488
5
14
54
2
1
10
0
195
1
0
16
22
2
1
0
1
1
2
293
0
37
81
18
60
0
0
9743
23
110
26
53
70
3
6
1
6
0
50
8
3
3
4
3
123
5
6
0
186
1
35
18254
0
2
4
1
0
3
8649
14
87
6
10
137
10
1238
0
8993
2
3
0
30
28
13
13
1
107
3
0
2
90
0
58
11
4
113
5
0
30
338
59
1
1
0
7
2
1
14
0
32
0
17
1
7
20
0
25
1
2
2
32
4
1
19
0
35
64
64
4
2
0
22
2
2601
11076
0
105
0
7303
3
129
7
3
5
26461
12
7
5
11
4
5
337
8
63
3
133
44
4
20
3
6
26
4
24
72
12
0
23
7
168
2
10
1
4
160
28
0
45
6129
40
1
10
95
2
0
7
2
1
5
26
1
0
2
0
561
6
30
20
7
62
7
11
5
2459
0
1
3
2
30
10
28
3
0
1010
2
64
513
3
1
0
18
7
783
0
44
9
0
0
7
1
3
0
39
3
0
15
1
1
0
4
10
0
24
1
1
4
4
866
33
1
2
0
5
12
0
16
11
706
0
886
3
1
46
0
0
0
3
0
1
5
3
2
4
4
0
1
33
18
2
3
0
142
123
2156
28
2
118
1
0
4
0
0
2
1
5
1
862
44
0
1
20
3
16
1
4
0
0
4
1
21
45
0
0
0
2050
1
6
12
116
30
2
85
844
55
0
52
60
40
4
141
2
5
31
2
12
1
0
4
46
4390
1
10719
0
1
47
1
0
2
12
69
0
43
4
18
4425
3
2
36
0
43
0
3
1
0
3
4
18
2
2
36
3
809
0
2
7
19
2031
0
3
122
4597
10
10
27
2
4
48
1516
4
8
6
2
37
6
0
11
17
67
2
832
3217
2
72
157
0
0
1
9
89
766
0
18
0
1
4
113
0
0
4
0
39
11
61
16
16
1
0
5
48
21
4
4
1
9
45
0
27
4
538
1
5
646
48470
32
37
3
2
117
43
9
3
2
2
2
14
29
1602
5
2
4
0
2
0
1
20
14
0
0
0
3
3
8
50
0
23
10
32
7
13
3
7
3
7
0
2
37
0
0
0
0
8
1
0
7
2
0
11
3
0
10
9
36
370
62
5
1
20
19
11
0
7
11
0
4
712
2
33
3
11
0
2
0
225
2
1
5
1
3
2
2003
0
2
2
3
6
6
2
5
2
12
0
4
26
1
6
40
19
2
25
1
2
0
4
5
4
831
4
0
4
1
9
2
0
0
0
26
3279
63
2
3
0
7
0
5
7
5
18
1
6
6
67
1
18
47
24
19
786
5
11
254
33
190
2366
1
3
2
0
0
16
4
22
3
5277
1099
2
8
1
1
19
1
239
0
2
2
0
3
0
1
0
0
1
3
53
6
17
1
15
0
0
3
73
1
83
0
1
1
1
27
29
2
54
0
13
24
0
1
3
2
0
24
34
2
4
1
145
4
4
0
2
29
31378
1
2
3
1669
17
3
0
1
6
24
231
36
734
1
5
0
7
5
43
1
4
2
54
5
65
2
0
1
23
0
13
6
5
151
1
1
0
5
1
1
6
2
0
13
1
1
3
0
0
0
68
12
1
39
1
0
4
1
1
16
3
2
99
0
2349
4
34
12
0
0
0
5
3
8
2
23
2
48
4
6
40
0
51
58
557
15
7
26
16
12
3
32
0
67
63
5
27
57
1
1
0
23
2
4
1
0
3
14
72
30
0
2
13
0
0
0
27
1
3
21
1
6
14
2
4
7
37
4
0
2
27
0
959
0
22
1
1
0
17
6
25
702
0
0
8
16
9003
13767
11
1
24
8
0
2
5
0
23
0
3
0
0
0
7
1
1
3
9
71
60
3
34
7
0
89
0
8
41
2
20
180
0
35
39
78
59
0
3
0
17
7
44
2
0
0
2
0
4
2
0
2
2
29
1
2
3
0
0
1
0
0
33
1
32
0
0
3
2
1
2
26
0
0
2265
4
33
35
75
15
0
1
15
1
28
2
1
803
42
44
2
2475
2
6
0
0
206
6
17
5
2
224
6
0
14
26
41
8
42
26
6
117
152
0
3
5
7
3
87
0
1
77
1096
104
0
19
2
11932
42
1
2
0
1
24
33
8
0
1
2
106
45
11
2
16
1
3
45
0
32
24
3093
19
1
0
4
38
659
1
46
6
0
2
1
8
0
1
47
18
1
6
0
12
2
137
750
112
3140
849
4777
86
1183
619
884
2472
13
2
678
1238
171
9
6
2
0
3359
25
3
6936
40
1
0
3
1
32
73
35
1
0
139
0
4
20
6082
4
0
3
6
4
14
2770
0
0
6
5
2
14
4898
3631
0
1
0
829
1
59
8
1
2
6
5
1
2301
1
2
7
1
1
4
5
6
12
4
11
0
7
1
60
2
1
7
5
8
7
7
1
141
42
6
57
1
4
31
1
3
7
1838
8
39
0
289
14
8
37
3
1
33
14
55
0
13
2
38
5
1
81
4
370
3
0
11
0
3
3
1
4
6
25
59
0
1
4
150
0
27
18
11
1
0
1
10
2
41
11
92
5
17
0
0
13
4
103
11442
0
2
203
5
3
10
26
4
13
3
16
0
18
10
168
1
21
39
180
13
27
0
1
49


