
0
3
9
0
0
0
0
3
0
1
7
15
0
0
14
0
2
9
37
0
3
1
2
0
0
0
0
1
0
4
4
0
5
1
1
0
1
6
0
1
26
16
2
2
3
0
21
0
16
0
0
3
0
0
0
1
1
0
0
3
10
2
0
105
1
2
0
2
1
0
9
1
0
1
0
2
3
2
0
2
1
2
10
0
2
1
2
0
4
0
1
1
20
0
5
2
29
4
0
9
0
0
3
5
2
4
1
24
1
0
2
42
0
1
191
1
8
8
4
0
6
172
0
3
5
5
1
7
29
3
243
0
9
7
3
0
1
4
2
1
5
2
2
2
14
1
1
4
10
4
0
2
12
1
3
3
1
4
7
0
4
3
1
2
0
3
2
12
6
0
0
6
4
2
2
3
2
2
3
1
2
0
1
28
1
0
9
56
7
2
0
3
1
1
8
2
3
24
0
0
1
14
2
2
5
8
0
3
48
3
1
4
4
3
3
0
2
1
2
1
0
1
0
3
1
1
15
1
1
3
30
195
5
5
7
11
1
3
7
3
2
0
9
2
2
2
1
7
0
0
4
2
6
5
5
3
11
5
6
2
5
6
2
1
3
0
34
3
0
170
0
5
6
0
0
59
5
0
0
10
1
1
0
2
5
1
3
0
3
2
0
4
0
1
0
0
2
3
1
4
36
9
0
1
9
2
0
0
2
0
2
1
54
8
1
0
1
2
0
2
7
3
5
0
2
3
0
0
1
0
0
5
3
0
2
1
23
2
1
0
0
1
5
3
0
0
1
2
2
212
3
2
1
5
3
2
2
6
4
2
3
8
11
6
6
0
15
214
36
3
0
0
0
3
5
74
0
1
1
0
2
1
0
1
0
2
0
4
0
4
4
1
168
4
320
1
11
1
0
5
10
3
1
3
0
1
1
604
7
10
0
1
4
1
0
0
7
6
3
1
0
9
2
2
3
2
2
4
8
58
0
5
7
40
2
2
3
1
5
1
38
14
8
8
4
2
10
0
0
0
4
2
12
69
6
2
0
11
6
3
0
4
58
1
1
6
17
2
0
1
1
0
9
6
3
3
5
0
2
8
4
0
3
0
5
4
0
1
3
0
7
77
3
0
5
498
1
4
1
3
1
2
3
2
1
4
5
2
21
2
6
2
1
0
2
0
21
0
3
0
14
0
4
4
3
2
0
4
4
9
12
0
3
0
1
3
0
0
0
0
0
16
1
1
1
1
2
7
1
0
8
4
2
42
0
1
1
0
4
2
2
1
0
3
9
1
14
67
1
2
3
13
5
0
1
5
13
5
2
0
6
5
298
1
6
1
0
2
6
1
7
7
0
4
0
0
4
3
25
2
2
0
0
8
0
9
0
0
101
3
1
0
2
4
2
1
12
3
6
53
8
4
9
2
0
0
6
0
4
2
0
1
2
1
6
3
7
0
0
44
5
0
5
8
1
27
0
0
1
4
0
0
1
6
6
8
182
2
2
0
1
4
4
29
1
1
3
0
0
0
0
0
0
0
3
0
4
7
4
0
0
3
3
0
1
12
1
0
9
7
0
0
1
0
4
1
2
1
1
1
6
2
4
3
0
8
3
2
2
19
4
0
2
1066
0
1
4
32
5
4
7
2
0
1
4
0
49
6
1
2
0
4
2
0
1
1
3
1
15
0
2
0
0
3
0
4
3
0
1
4
0
0
0
1
0
2
5
4
5
8
2
1
3
4
0
9
2
0
5
2
3
2
1
1
3
0
1
2
109
0
0
1
0
3
2
2
1
3
0
0
1
1
5
6
0
0
0
2
38
1
11
0
5
1
1
1
4
0
0
2
0
5
6
20
3
1
2
2
2
5
0
9
2
0
6
2
2
4
6
1
1
7
0
1
2
2
5
0
0
3
0
3
3
6
2
3
102
1
7
0
5
0
0
7
22
43
0
11
2
0
19
334
0
1
7
5
0
0
6
0
5
0
0
9
7
1
2
3
0
11
7
1
0
5
0
7
2
1
0
13
15
1
6
0
0
2
0
0
1
0
0
3
3
0
1
12
0
0
5
10
8
12
1
5
5
2
1
2
4
5
0
1
1
3
8
1
3
1
6
0
0
0
3
4
0
8
30
0
3
7
1
4
2
0
1
4
0
2
3
1
0
1
8
59
3
1
0
1
52
8
5
2
6
36
1
1
2
1
0
6
7
14
7
4
1
1
4
1
0
3
1
1
0
0
276
22
3
0
1
427
3
4
11
11
2
0
3
1
0
1
5
21
21
7
0
0
8
5
2
0
2
4
15
6
4
1
3
1
65
8
0
9
1
0
0
0
4
2
18
1
0
6
4
29
3
25
95
10
104
84
45
100
50
3
59
18
0
1
10
21
6
8
2
0
0
144
16
1
467
3
4
7
4
2
10
0
0
4
0
6
1
2
0
248
0
1
0
11
1
0
3
4
2
1
0
9
2
57
451
2
6
7
112
4
32
0
1
3
2
1
1
190
5
6
5
0
4
0
10
1
2
1
3
1
10
3
1
3
1
3
4
2
3
9
2
0
4
8
0
3
8
0
0
6
1
26
0
0
3
40
0
0
0
2
2
2
0
1
4
0
1
1
6
6
0
0
19
0
11
0
0
3
4
3
1
1
1
6
2
5
0
14
8
1
2
14
0
0
2
2
2
0
1
1
3
2
6
0
0
1
0
1111
10
0
44
3
2
4
0
0
4
4
0
2
0
0
1
10
1
3
0
1
26
0
1
4


