
1
2
1
0
0
1
2
3
0
0
0
0
0
1
0
0
0
0
13
0
0
1
1
2
1
0
0
1
0
1
0
2
7
0
0
2
0
28
0
1
36
20
2
0
1
1
13
1
12
0
0
5
1
0
0
1
0
1
0
0
1
0
0
70
1
0
0
3
0
1
0
0
1
1
0
2
1
0
0
0
0
0
3
1
0
2
3
0
0
0
20
2
7
0
4
1
0
0
0
0
0
0
4
1
1
0
0
7
0
0
1
32
0
0
273
0
0
0
0
0
0
173
0
1
4
2
2
0
30
0
212
1
0
0
0
0
1
3
2
0
0
1
0
2
0
1
0
2
3
3
2
1
6
0
0
0
1
0
2
1
0
2
1
0
0
0
1
0
0
0
0
0
1
1
2
0
0
0
1
1
0
0
1
0
0
0
5
66
0
0
0
13
0
0
0
0
1
35
0
0
0
3
1
1
13
2
2
0
11
0
3
0
0
0
0
1
0
0
1
1
0
0
0
1
0
1
1
0
0
0
6
150
0
0
7
2
0
0
2
3
1
1
1
1
0
1
0
5
1
0
1
2
1
0
2
0
7
0
0
0
0
1
1
0
1
0
37
0
0
40
1
0
0
0
0
19
0
0
1
1
0
1
0
0
0
2
0
0
0
1
0
1
1
0
0
1
1
0
1
1
38
5
0
0
0
1
0
1
0
2
4
0
27
1
1
0
0
1
0
0
0
0
12
0
0
0
0
1
0
0
2
0
0
0
0
1
55
0
0
1
0
1
0
0
0
0
0
1
0
58
0
0
0
2
0
2
0
1
1
0
0
0
1
0
1
1
1
91
0
1
0
0
0
0
0
17
0
1
0
0
0
0
2
0
0
0
0
1
0
0
0
1
120
0
236
0
0
1
0
0
1
2
3
0
0
0
0
179
0
0
0
0
0
0
0
0
1
1
0
0
0
2
0
1
1
1
1
2
1
30
1
0
5
42
3
0
2
0
4
0
27
0
1
0
0
0
3
0
3
1
2
0
2
52
0
2
1
0
0
1
0
0
44
0
0
0
0
0
0
0
2
0
0
0
1
0
2
0
0
1
0
2
9
0
1
0
0
0
0
1
3
22
0
0
10
266
2
6
0
0
1
0
0
2
0
0
0
1
10
4
0
0
1
0
0
0
0
0
0
0
0
0
0
2
0
0
1
1
1
6
0
0
1
1
2
2
0
0
0
0
0
0
0
2
0
1
3
0
1
2
0
0
1
3
0
4
0
0
0
1
0
0
0
0
2
0
1
35
2
2
7
2
2
1
0
2
0
0
0
2
0
1
83
0
4
2
0
1
4
3
0
1
0
0
0
0
3
0
4
1
0
0
0
0
0
0
1
0
58
0
0
0
0
0
1
0
1
0
7
75
0
0
2
0
0
0
3
0
2
0
0
1
0
1
0
0
0
0
0
14
3
1
5
3
4
22
0
0
0
3
0
2
2
1
1
14
85
1
0
0
1
2
0
20
0
0
0
0
0
0
0
0
0
0
2
0
2
1
0
2
0
0
0
1
0
7
0
0
1
0
0
0
0
0
0
2
0
0
0
0
0
0
0
0
0
5
0
2
0
0
1
0
1
2051
0
0
1
47
1
1
1
0
1
1
0
0
18
0
0
0
1
0
0
0
0
0
1
0
7
0
1
0
0
2
1
0
0
3
0
0
1
1
0
1
0
0
2
1
2
0
0
0
0
0
0
4
0
0
0
1
0
0
0
1
0
0
1
1
45
0
0
1
0
2
0
0
0
4
0
0
0
1
0
0
0
0
0
1
45
1
1
0
1
6
0
1
0
0
0
2
1
0
1
0
0
1
0
0
0
0
0
0
0
1
0
1
2
0
0
0
0
2
0
0
0
2
1
0
0
0
0
2
0
1
0
0
43
0
3
0
1
0
0
0
26
21
0
0
1
2
23
269
0
0
0
1
0
2
0
1
4
0
0
0
1
0
0
0
0
0
1
0
1
1
0
3
0
0
0
1
3
1
1
0
0
1
1
1
3
0
0
0
0
0
1
0
0
0
1
0
0
0
0
0
0
1
1
0
0
0
0
0
0
0
1
0
3
0
0
1
0
0
0
1
0
0
38
0
3
1
2
2
0
0
1
0
0
1
0
1
0
1
9
56
1
1
0
0
27
0
1
3
1
8
1
0
0
0
0
0
2
0
6
0
2
0
1
0
2
0
1
0
1
0
36
3
0
0
0
301
0
4
0
1
0
1
1
0
0
0
0
12
3
7
1
0
0
0
0
1
1
1
28
3
0
1
2
5
26
1
1
3
0
0
0
0
1
0
3
1
0
5
0
2
1
15
46
3
63
52
67
13
51
4
59
35
1
0
14
19
12
0
6
0
0
71
4
0
303
1
0
0
3
0
16
0
0
1
0
1
0
0
0
150
0
2
0
4
1
0
5
1
0
0
0
0
0
85
186
1
1
1
35
0
2
0
0
0
0
1
0
74
2
2
0
0
1
0
2
0
0
2
0
0
0
0
1
0
0
0
0
0
2
2
1
2
1
1
0
0
0
1
0
0
0
40
0
0
0
21
1
0
1
0
0
1
2
0
0
0
1
2
0
0
0
1
11
0
0
0
0
3
0
2
2
0
0
0
0
0
0
5
1
1
0
9
3
1
1
4
0
0
1
3
0
1
0
0
0
2
0
323
0
0
12
0
0
4
0
0
0
1
0
0
1
0
2
0
2
0
0
0
1
0
0
1


