
3
0
1
0
0
0
0
0
0
0
0
0
0
0
0
0
0
0
0
0
1
0
0
0
0
0
0
1
0
0
0
0
7
0
2
0
0
4
0
0
4
4
0
0
0
1
1
0
2
0
0
0
0
2
0
1
3
0
0
1
0
0
0
7
0
0
0
1
1
0
1
0
0
0
0
0
0
0
0
0
0
0
0
0
1
0
0
1
0
0
3
0
1
0
0
0
0
0
0
0
0
0
0
4
0
0
1
1
0
0
0
8
0
0
39
0
0
0
0
0
0
29
0
0
4
0
0
0
1
0
46
0
0
0
0
0
0
0
0
0
1
0
5
0
0
0
0
0
2
0
0
0
0
0
0
1
2
0
0
0
0
0
1
0
0
0
0
0
0
0
0
0
0
0
0
0
0
0
0
0
0
0
0
0
0
0
3
6
0
1
0
1
0
1
0
0
0
7
0
0
0
1
0
0
7
0
0
0
1
0
0
0
0
0
0
0
0
0
0
0
0
0
0
0
0
0
0
0
0
0
1
39
0
0
1
0
2
1
2
0
0
0
0
0
0
0
0
0
1
0
2
0
0
0
0
0
1
0
0
0
0
1
0
0
0
0
3
0
0
1
0
1
0
0
0
4
0
0
0
0
1
0
0
0
0
0
0
0
0
0
0
0
0
0
0
0
0
0
0
1
1
0
0
0
0
0
0
0
0
0
0
0
2
0
0
0
0
1
1
0
0
0
1
0
1
0
0
0
0
0
0
0
0
0
1
0
7
0
0
0
0
0
0
0
0
0
0
0
0
14
0
0
0
0
0
0
0
0
0
0
0
0
0
1
0
0
0
7
1
0
0
0
0
0
0
4
0
1
0
0
0
1
0
0
0
0
0
0
0
0
0
0
13
0
31
0
0
0
0
0
0
3
0
0
1
0
0
50
0
0
0
0
0
0
0
0
0
0
1
0
0
0
0
0
0
0
0
0
0
5
0
0
0
3
1
0
2
1
2
0
5
0
0
0
0
0
4
0
0
0
0
0
3
9
5
0
0
0
0
0
1
0
3
0
0
0
0
0
0
0
0
0
0
0
0
0
0
0
0
0
0
0
3
0
0
0
0
0
0
0
0
4
0
0
2
52
0
1
0
0
0
0
0
2
0
0
0
0
1
3
0
0
0
0
0
0
0
0
0
0
0
0
0
0
2
1
1
1
0
0
0
0
0
0
1
0
0
0
0
0
0
0
0
0
0
0
0
0
0
0
0
0
0
1
0
0
0
0
0
0
0
0
0
0
0
0
0
3
0
0
1
4
0
0
0
5
0
0
1
0
0
0
8
0
0
0
0
0
2
1
0
0
0
0
0
0
0
0
0
0
0
0
0
0
0
0
0
0
12
0
0
0
0
0
0
0
0
0
0
25
0
0
0
0
0
0
0
0
4
0
0
0
0
0
0
0
0
0
0
1
1
0
2
0
1
14
0
0
0
0
0
0
0
0
0
1
7
0
2
1
0
0
0
0
0
0
0
0
0
0
0
0
0
0
0
0
0
0
1
0
0
0
0
0
0
2
0
2
0
0
1
1
0
0
0
0
0
1
0
0
0
0
0
0
1
8
0
0
0
1
0
0
0
291
0
0
0
6
0
1
0
0
0
0
2
0
6
0
0
0
0
0
0
0
0
0
0
0
2
0
0
0
0
0
0
0
0
0
1
0
0
0
0
0
0
1
0
0
0
1
0
0
0
0
1
0
0
0
0
0
0
0
1
0
0
0
0
0
12
0
0
0
0
0
0
0
0
1
0
0
0
0
0
0
0
0
0
0
29
0
0
0
0
0
0
0
0
0
0
0
0
1
0
0
0
0
0
0
0
0
0
0
1
0
0
0
0
0
0
0
0
0
0
0
0
0
0
0
0
0
0
0
0
0
0
0
5
0
2
0
0
0
0
0
5
1
0
0
0
0
6
55
1
0
0
0
0
1
0
0
3
0
0
0
0
0
0
2
0
0
0
2
0
0
0
0
5
0
0
0
1
0
0
0
0
0
0
0
0
0
0
0
0
0
3
0
0
0
0
0
0
0
0
0
0
0
0
0
0
0
0
0
0
0
0
0
0
1
0
1
0
2
0
0
0
0
16
0
0
0
0
0
0
0
0
0
0
0
0
0
0
0
0
8
0
3
0
0
7
0
2
1
0
2
0
0
0
0
0
0
0
0
5
0
1
0
0
0
0
0
0
0
0
0
13
0
0
0
0
44
0
0
0
0
0
0
0
0
0
0
0
2
0
0
0
0
0
0
0
1
0
0
9
0
0
0
0
1
0
0
1
1
0
0
0
0
0
0
2
0
0
1
0
3
0
2
7
2
15
17
13
0
18
0
11
3
0
0
1
6
0
0
3
0
0
3
0
0
41
1
0
1
2
0
10
0
0
0
0
0
0
0
0
15
0
0
0
1
0
0
0
0
0
0
0
0
0
18
15
0
0
0
1
0
0
0
0
0
0
0
0
9
0
0
0
0
0
0
0
0
0
4
0
0
0
0
0
0
0
0
0
0
0
0
0
0
0
0
0
0
0
0
0
0
0
7
0
0
0
1
0
0
0
1
0
0
1
0
0
0
0
1
0
0
0
0
1
0
1
0
0
0
0
0
0
0
0
0
0
0
0
0
0
0
0
2
0
0
0
0
0
0
0
0
0
0
0
0
0
0
0
44
0
0
1
0
0
4
0
0
0
0
0
0
0
0
0
0
0
0
0
0
0
0
0
0


