
0
3
0
0
0
1
5
0
0
0
0
2
5
1
0
6
1
0
26
0
3
14
1
10
2
1
0
0
2
1
0
0
16
0
0
2
1
2445
95
0
133
99
2
1
0
0
25
1
60
0
3
1
8
2
3
23
0
0
0
3
1
0
2
144
1
5
5
14
2
0
0
92
0
0
3
12
0
1
0
0
0
1
33
0
8
15
1
3
0
0
6862
9
33
0
13
5
5
1
0
2
0
144
4
2
1
1
1
43
1
0
0
45
0
7
15637
0
0
4
0
1
0
788
3
14
1
0
15
1
138
0
1448
1
3
1
3
0
0
2
0
5
5
1
1
10
0
26
2
0
28
0
0
12
61
3
0
0
0
0
0
0
6
0
8
0
347
0
1
1
2
1
0
2
1
27
0
0
1
0
2
5
3
3
0
1
3
0
85
19871
0
6
0
14081
0
5
10
0
1
52431
2
0
0
1
4
3
41
1
47
1
11
0
0
4
0
1
2
1
7
30
6
1
1
3
21
0
0
0
2
19
5
1
5
679
24
2
2
1
1
0
2
3
0
1
2
3
0
0
0
42
1
1
2
0
3
0
2
3
1917
0
1
1
0
7
2
7
1
0
236
0
11
158
1
0
0
2
27
119
0
1
1
0
0
2
1
0
2
5
1
1
0
1
0
0
0
0
0
9
5
0
0
1
99
7
0
0
1
1
2
0
8
2
78
0
223
3
0
6
0
0
0
1
0
1
1
0
2
1
0
0
0
6
0
1
0
0
0
4
520
0
0
6
0
0
0
0
5
0
0
0
0
105
0
0
0
4
2
3
1
0
0
3
1
0
4
0
4
0
0
465
1
1
6
19
4
0
2
615
3
2
5
7
2
0
8
0
0
0
2
3
1
1
2
10
567
1
849
0
0
4
0
1
0
1
0
0
7
4
1
5258
0
0
0
1
23
0
0
1
0
0
1
7
16
0
7
2
905
0
0
1
3
442
0
0
27
1932
1
1
3
0
2
6
43
4
1
0
5
21
4
0
4
1
0
0
47
269
0
8
236
0
0
0
2
5
108
0
2
1
0
0
7
0
1
0
1
2
7
16
6
277
0
0
0
3
2
2
1
0
66
3
0
4
0
145
0
0
333
63008
1
4
0
2
27
1
0
1
1
1
5
13
9
809
6
2
0
0
0
1
0
3
0
1
1
2
4
1
3
2
0
0
3
10
1
4
1
9
2
0
0
1
42
1
2
1
4
7
0
0
3
1
0
2
1
0
2
2
4
562
10
3
1
3
20
2
1
2
3
0
5
97
0
9
0
3
2
2
0
4
0
0
0
1
0
0
269
0
0
0
2
4
3
0
3
0
0
0
1
7
2
4
3
4
0
6
10
2
0
4
3
0
872
1
0
1
1
0
2
0
0
1
5
2132
12
0
0
0
1
0
5
1
1
4
0
1
0
64
1
9
5
4
3
79
4
0
1
3
18
214
3
0
0
0
0
1
2
7
1
20662
243
2
1
0
0
3
0
28
2
0
0
0
0
0
0
0
0
0
2
10
1
3
0
3
0
0
1
62
1
33
0
0
3
0
0
4
0
6
1
2
10
0
0
0
0
0
2
5
0
0
3
6
0
1
0
2
0
17144
1
0
1
258
8
1
0
0
1
8
3
157
87
0
2
1
4
0
1
0
0
1
16
5
9
1
0
0
3
1
1
2
3
10
0
1
0
0
0
2
0
0
0
1
0
0
3
2
2
1
15
2
1
274
0
0
0
0
0
5
0
1
6
0
126
3
1
4
0
0
0
3
0
11
0
3
0
4
2
4
20
0
5
36
515
4
1
4
17
4
0
10
0
13
29
6
27
8
0
0
0
0
1
1
2
0
1
1
18
4
1
0
1
1
0
3
7
0
2
0
0
1
1
0
1
3
2
1
0
1
7
0
127
0
3
1
1
0
10
0
14
48
0
0
1
1
1281
3163
2
0
14
2
0
1
4
1
5
0
1
1
0
0
1
0
0
0
1
0
2
0
8
2
0
11
0
1
16
3
4
6
0
2
2
2
6
0
1
0
3
0
0
1
0
0
0
1
1
1
0
0
2
1
0
0
4
0
0
1
3
0
2
0
4
2
2
6
0
0
0
12
1
1
69
1
12
11
3
0
0
1
1
0
1
1
0
662
18
2
1
1696
1
3
0
1
3796
0
0
1
4
14
3
0
2
6
0
3
2
1
1
9
5
0
0
0
0
0
3
0
0
3
114
11
0
5
0
5900
0
0
0
1
0
1
3
0
1
1
1
15
8
1
0
0
1
2
5
0
13
0
2255
10
0
0
2
15
27
0
1
1
0
0
0
192
0
1
16
1
1
0
3
2
0
16
82
33
607
194
2650
104
114
1746
74
668
2
0
49
71
49
2
1
0
0
701
18
2
915
10
2
0
0
1
4
8
2
1
0
0
0
0
1
2778
1
1
0
5
0
2
2412
3
4
2
2
0
2
144
843
0
0
0
420
0
6
1
1
4
0
4
0
522
0
0
0
0
1
6
0
6
3
1
2
4
11
0
5
1
0
2
0
1
1
1
0
20
3
9
13
1
0
0
0
0
2
149
1
7
1
41
2
0
1
4
0
2
3
1
0
4
0
13
2
0
8
5
24
0
0
1
1
5
0
0
2
0
17
5
0
1
0
18
0
10
2
14
1
0
0
1
1
5
4
17
1
2
0
0
1
0
9
2204
0
0
19
2
0
1
2
5
2
5
1
0
1
4
7
1
4
3
670
1
13
0
0
12


