
4
1263
677
1
10
6
24
35
6
74
0
1
0
0
1
0
1
0
2
0
0
0
0
0
1
0
0
2
0
0
0
0
5472
172
33
0
0
10
0
1
3
8
0
0
0
0
1
0
1
0
0
0
0
0
0
0
2
0
1
0
1
0
0
45
0
0
0
989
18
23
0
0
0
1
0
0
0
0
0
0
0
0
0
0
0
0
0
0
1
0
0
0
0
0
0
0
0
0
0
0
11
0
1019
15
0
0
0
1
0
0
0
3
0
0
26
0
0
0
0
0
0
25
0
0
4893
1
0
0
5
0
180
0
0
0
0
948
1
0
1
0
0
97
1
0
0
0
0
0
0
26
0
0
1
0
0
0
0
0
0
0
0
0
0
1
0
0
2
0
0
0
0
1
0
0
0
0
1
1
0
0
0
0
0
0
0
0
3
3
1
0
0
0
0
0
0
0
0
3
0
0
0
1
0
0
2
0
0
0
8
1097
299
874
0
0
0
0
0
0
0
1
0
1
0
0
0
0
0
0
0
0
0
81
0
0
2592
6
815
6
855
336
1565
8
0
0
0
0
0
0
0
0
0
1
0
0
0
0
0
1
1
1
0
0
2
0
0
1
10
0
0
30
0
0
0
0
0
1
0
0
0
1
0
0
0
0
1
0
0
1
0
0
0
0
0
2
1
0
0
2
0
0
3
0
0
0
0
0
0
0
0
0
0
0
5
0
0
0
0
0
0
0
0
0
66
0
1437
0
0
0
0
2
0
0
1
66
818
1283
2
0
0
0
9
0
0
1
18
0
1
0
0
6
0
2
32
0
0
0
1
0
0
1
0
1
0
1
0
0
1
30
0
0
0
0
0
0
0
2
0
1561
0
0
0
118
0
20
1
0
0
0
0
0
0
0
39
0
22
0
0
0
48
1
0
101
11
1
0
0
0
3912
0
0
0
43
0
0
0
0
2
0
0
0
0
0
0
0
0
0
0
0
0
43
0
0
0
5
153
909
3031
141
4153
0
13
0
0
0
0
0
3798
97
0
0
10
0
1
1
0
0
0
0
0
1
0
0
4
0
0
1
0
0
0
0
0
0
0
0
0
9
2
0
0
0
1
1
1770
0
1
2
0
0
1
0
0
1
0
0
4
1712
0
21
0
0
0
0
0
1933
468
0
0
0
2
0
0
0
0
6
0
0
5
0
84
0
0
0
1
0
577
0
60
101
0
0
0
0
0
0
0
0
270
0
0
0
0
0
0
0
0
0
0
0
0
1
0
0
0
19
0
1
0
0
0
0
0
0
0
0
1524
0
0
3
0
0
4
3051
0
0
0
3112
0
0
238
0
0
0
17
0
0
0
0
0
1281
0
2355
0
0
0
0
0
0
1
3
0
0
0
0
0
0
1
0
0
160
0
0
0
0
0
0
0
1
0
14
5570
0
0
0
0
0
0
0
0
944
0
0
0
0
0
0
0
1
0
0
5
3002
2
274
0
3
3
0
0
0
0
1
0
0
0
1
0
13
0
3
192
0
0
0
0
0
558
0
0
0
0
0
0
0
0
0
0
0
0
0
0
215
0
0
0
1
18
0
11
1
0
0
0
0
0
0
0
0
0
41
0
1
0
0
0
0
55
0
0
0
1
0
0
0
7311
427
0
0
1
0
0
0
0
0
0
1970
0
1218
0
0
1
0
0
0
0
0
0
0
0
3
0
0
0
0
0
0
0
0
0
0
1
0
819
0
0
0
0
1
0
0
0
0
2
0
0
0
0
0
0
0
0
0
0
197
0
0
0
0
0
42
0
0
0
0
0
0
0
0
0
0
0
0
1
1
0
0
58
0
0
1408
0
1
0
1
0
0
0
0
0
0
0
0
1146
0
3
0
0
0
0
0
1
217
0
0
0
2
0
1
0
0
0
0
0
0
0
0
0
1
0
0
0
0
1
1
0
0
0
4
0
0
0
1
33
0
0
7457
26
0
0
1
0
5
21
0
3
1
0
4
244
0
0
4772
6
78
0
1
0
0
9
0
0
0
2
0
0
0
0
0
0
337
0
19
0
0
0
36
0
0
0
0
1
0
0
505
0
652
0
2
0
1
0
0
0
0
0
0
0
0
1
2
0
47
1
0
1
0
1
1439
108
0
0
0
161
0
0
0
0
1858
0
0
0
0
0
0
0
0
0
0
0
1
0
0
0
547
31
0
2637
30
18
21
0
3331
175
0
6
0
0
0
0
0
0
0
0
1047
0
0
0
0
0
0
431
0
0
172
0
11
1
1
0
0
34
0
0
0
0
0
0
0
0
0
0
0
3
5
0
0
0
0
1
0
228
0
0
25
0
3
6
0
0
0
0
0
0
0
18
2
0
0
0
3
0
0
2673
0
13
1
0
9
0
1
8
5
11
1
0
8
0
0
0
1
7
0
0
548
16
16
5
1
0
37
0
2
0
0
0
3233
0
0
0
94
42
0
0
0
41
0
14
1
2278
0
0
0
0
0
1
0
1
0
2168
76
0
0
0
6
0
0
0
2
2
1
0
0
15
2
0
0
0
0
0
0
0
250
42
0
0
0
0
0
0
0
0
0
0
0
0
0
0
0
0
0
0
0
0
0
0
0
5
0
0
0
2
0
0
0
0
0
0
0
0
0
0
392
1
1
0
0
0
2
0
0
0
0
0
0
0
542
0
0
0
0
0
0
0
1
0
0
3516
0
0
0
1
0
0
0
0
0
0
1
0
0
0
0
4090
0
0
1
0
0
429
0
0
0
0
0
0
0
0
0
3
0
1
0
0
0
0
6
0


