
38
312
2030
1
65
9
92
392
136
195
5
3
0
0
3
0
7
3
14
0
0
0
0
0
0
0
0
4
0
3
0
0
5858
105
94
0
0
7
0
3
10
7
1
0
0
5
0
4
6
0
0
0
0
2
0
0
54
0
0
0
6
0
0
81
1
0
0
2710
27
44
1
0
0
1
0
0
2
0
0
0
1
0
0
0
0
0
0
1
1
0
0
0
2
0
0
1
8
0
0
1
13
0
2743
313
0
1
0
1
0
0
0
6
0
0
23
0
0
0
0
0
0
22
0
1
2165
1
0
1
2
1
333
0
0
4
0
581
0
0
1
0
1
82
63
0
1
0
2
2
0
75
2
1
0
0
0
0
0
0
1
0
5
0
0
0
0
0
1
3
2
0
1
3
0
0
1
3
0
0
0
1
1
0
1
2
0
0
3
10
0
0
0
1
0
0
0
1
0
8
0
0
0
0
0
2
0
2
0
0
31
878
279
1328
0
1
1
0
1
0
0
2
0
0
0
4
0
2
2
0
0
2
4
90
0
1
3397
27
942
23
1692
457
868
15
0
1
2
0
0
0
0
0
0
0
0
5
5
2
0
0
1
3
0
3
5
0
1
0
12
1
0
173
0
1
0
0
0
14
0
0
0
2
4
2
0
0
0
0
1
1
1
1
0
0
0
3
1
0
0
3
1
1
7
1
1
1
1
3
0
0
0
0
0
2
19
2
0
0
0
0
1
2
1
0
201
0
1471
1
0
0
0
0
0
0
2
74
2223
2521
4
0
2
0
41
3
3
0
55
0
1
3
1
66
0
6
35
0
6
0
5
1
1
1
3
4
6
0
0
3
9
113
9
0
1
0
0
2
0
36
0
442
0
0
0
105
0
39
0
0
0
1
0
2
0
1
95
0
61
1
2
0
69
2
6
1771
67
1
0
0
0
7974
2
1
0
79
0
0
0
0
3
5
6
0
0
2
0
1
1
2
1
0
0
42
0
3
1
12
254
2299
10943
118
3492
0
21
0
3
1
1
0
5301
158
0
0
120
0
6
17
3
0
0
1
5
1
0
0
15
1
1
3
11
0
0
2
0
1
0
0
0
40
1
0
3
2
1
1
2988
0
0
1
0
0
3
0
2
9
1
0
16
2529
0
412
1
0
0
0
0
2182
667
1
0
0
8
0
0
1
1
22
0
0
26
0
92
0
4
0
0
0
426
0
67
154
0
2
4
0
1
2
0
3
164
0
0
0
3
1
1
1
1
0
0
2
7
0
1
4
0
46
0
0
0
0
2
0
0
0
2
0
2805
1
1
10
3
0
26
1823
1
0
1
2628
3
2
185
3
1
1
124
0
1
3
0
0
1424
0
1639
0
0
3
0
0
1
5
9
0
0
0
0
3
0
1
0
0
217
4
0
0
0
0
0
0
6
3
28
657
3
3
2
4
0
1
3
0
256
2
0
2
0
0
1
0
0
0
0
38
3335
1
1340
1
4
4
0
0
1
5
0
0
2
0
10
2
57
0
8
453
0
0
1
8
1
736
0
0
0
0
0
0
0
0
3
0
1
6
1
0
241
1
0
0
1
21
0
16
4
3
0
0
1
0
2
0
0
1
63
1
2
0
2
1
2
283
3
0
0
7
0
0
0
7830
821
1
1
8
2
0
1
0
0
0
1080
0
956
4
1
0
0
0
0
0
0
0
1
0
18
0
1
0
0
1
0
1
1
0
1
0
0
731
0
0
0
2
4
0
1
2
1
0
3
1
0
1
2
0
0
0
0
2
218
1
1
0
0
1
73
0
0
0
0
0
0
4
0
0
1
0
0
0
2
0
3
37
0
0
3554
0
2
0
1
1
2
0
0
0
0
1
0
1980
1
5
0
0
0
0
0
3
134
0
1
0
0
0
1
1
0
2
0
0
0
0
4
0
1
0
0
1
0
1
0
3
3
6
45
0
0
0
3
14
0
1
12897
28
1
0
0
0
4
46
12
0
8
0
14
265
0
0
6073
11
129
0
2
0
0
36
1
0
1
17
0
1
0
1
1
0
236
1
12
3
0
0
18
0
0
0
0
23
0
0
1101
1
944
2
10
0
4
1
1
4
2
1
1
0
0
0
4
0
20
0
0
2
1
0
1751
655
2
0
0
61
3
1
0
0
2773
0
0
0
0
1
2
0
3
2
0
2
3
0
0
0
373
36
2
4508
163
43
35
2
1929
142
1
21
0
0
0
0
0
0
0
9
1017
0
0
3
0
0
1
400
0
0
681
0
97
1
1
0
0
79
1
2
0
1
0
0
0
0
1
1
0
16
7
6
0
0
0
1
0
115
0
2
87
1
2
16
0
0
15
0
0
2
0
35
79
0
5
2
8
0
0
3444
0
20
14
0
42
0
15
8
6
78
11
1
14
2
0
3
8
10
0
0
1289
39
46
25
12
0
82
0
4
2
0
4
2894
0
0
0
298
24
0
0
0
129
0
44
0
1936
0
1
0
2
0
0
2
0
1
1490
328
2
1
2
83
1
3
1
0
2
0
0
0
62
0
1
1
0
0
0
0
0
293
802
0
0
1
1
0
4
1
0
3
0
1
0
2
0
0
3
0
0
1
0
5
1
0
13
3
0
2
10
0
0
0
1
5
0
0
0
1
0
356
0
6
1
0
0
4
0
4
0
1
4
0
1
1514
0
1
1
0
1
1
1
5
2
0
5742
0
0
1
4
2
0
0
0
2
0
5
0
0
4
0
4058
0
0
7
2
0
461
0
0
0
1
0
0
0
0
0
3
0
0
0
0
1
1
1
0


